0 42.18593787618672
0.01 15.767304446363381
0.02 6.228870207010049
0.03 2.7957901454147764
0.04 1.5579963354948916
0.05 1.108025750265561
0.06 0.9412331462628981
0.07 0.8768563380933024
0.08 0.8500024892874035
0.09 0.8372178137380614
0.1 0.8299084524231807
0.11 0.8248464522088306
0.12 0.82076649334859
0.13 0.8171331376111332
0.14 0.8136770204480238
0.15 0.8101889468502398
0.16 0.8064743998993605
0.17 0.8026189403652659
0.18 0.7989066277914367
0.19 0.7954293351583114
0.2 0.7921504348400592
0.21 0.7890142454626649
0.22 0.7859767307573348
0.23 0.7830082574644806
0.24 0.7800903556448585
0.25 0.7772122260795876
0.26 0.7743681113625788
0.27 0.7715555279676349
0.28 0.7687741686908952
0.29 0.7660253081949966
0.3 0.7633115886073408
0.31 0.7606371002445472
0.32 0.7580077222961962
0.33 0.755431762290115
0.34 0.7529210391038684
0.35 0.7504927220475311
0.36 0.7481725543511801
0.37 0.7460007647770743
0.38 0.744043543502873
0.39 0.7424168997670728
0.4 0.7413402823618915
0.41 0.74126621139248
0.42 0.7431897968841893
0.43 0.7489591959863593
0.44 0.757833051425149
0.45 0.7615047633111808
0.46 0.759429887173138
0.47 0.7556326064738369
0.48 0.7516457854915805
0.49 0.7477749739247705
0.5 0.7440269796580801
0.51 0.740366225801188
0.52 0.7367669221297903
0.53 0.7332167785167054
0.54 0.7297121634293418
0.55 0.7262534785926754
0.56 0.7228420826583393
0.57 0.7194786350437572
0.58 0.7161625062834146
0.59 0.7128918260927865
0.6 0.709663744232282
0.61 0.706474598530593
0.62 0.70331983692663
0.63 0.7001936242544781
0.64 0.6970880386363335
0.65 0.6939916113085924
0.66 0.6908866102001575
0.67 0.6877436295944083
0.68 0.6845098439232237
0.69 0.681080920098852
0.7 0.6772279425065655
0.71 0.6724220231922309
0.72 0.6658425023984215
0.73 0.6579903747050647
0.74 0.6507087043461179
0.75 0.6448457539256176
0.76 0.6402312561677936
0.77 0.6364780368666569
0.78 0.6332807340004669
0.79 0.6304433439422261
0.8 0.6278490735464636
0.81 0.6254308232194205
0.82 0.6231513412272046
0.83 0.6209913200309218
0.84 0.6189426481526896
0.85 0.6170048057900183
0.86 0.6151831895096074
0.87 0.613488699445884
0.88 0.6119382853845006
0.89 0.6105564269854863
0.9 0.6093778027126905
0.91 0.6084517770595584
0.92 0.6078499745670123
0.93 0.6076794712568763
0.94 0.6081068646555151
0.95 0.6094048289499575
0.96 0.6120484808843641
0.97 0.6169292656410956
0.98 0.6258461053749497
0.99 0.6423900467854631
1.0 0.6699071779336602
1.01 0.693994043419763
1.02 0.6964195849585095
1.03 0.6868553736341666
1.04 0.6744240998654634
1.05 0.662255082173094
1.06 0.6512125226752019
1.07 0.6414555416215486
1.08 0.6329229428459412
1.09 0.6254872621676757
1.1 0.6190075111792669
1.11 0.6133483337049707
1.12 0.6083868210143379
1.13 0.6040143982675108
1.14 0.6001367104708449
1.15 0.5966727381096337
1.16 0.593553620977633
1.17 0.5907213543694052
1.18 0.5881274339282441
1.19 0.5857315173030002
1.2 0.5835001636971298
1.21 0.5814056900486355
1.22 0.5794251538397487
1.23 0.5775394438360814
1.24 0.5757324254207402
1.25 0.5739900190187219
1.26 0.5722988979107925
1.27 0.5706438535104343
1.28 0.5690010629172985
1.29 0.567330141259182
1.3 0.565627510459448
1.31 0.5639932161450327
1.32 0.5624741926037237
1.33 0.5610456895458763
1.34 0.5596747821451786
1.35 0.5583386148262401
1.36 0.5570238955249339
1.37 0.555723586192698
1.38 0.5544343227308702
1.39 0.5531547895537094
1.4 0.551884740151962
1.41 0.5506244210034514
1.42 0.5493742723779068
1.43 0.5481348311865406
1.44 0.5469067654008504
1.45 0.5456909767084799
1.46 0.544488738522054
1.47 0.5433018778781747
1.48 0.5421330503811141
1.49 0.5409862059552644
1.5 0.5398674324727657
1.51 0.5387865662400203
1.52 0.5377604477110766
1.53 0.5368199344747805
1.54 0.5360258036384228
1.55 0.5355028059899051
1.56 0.5354569733049935
1.57 0.5356865164360816
1.58 0.5348103121545255
1.59 0.5328303948688846
1.6 0.5307017410961533
1.61 0.5287731122538343
1.62 0.5270749855097239
1.63 0.525561520352121
1.64 0.5241820121308268
1.65 0.5228967731223634
1.66 0.5216780477420356
1.67 0.5205074369425962
1.68 0.5193729919593896
1.69 0.5182668293285322
1.7 0.517183459279157
1.71 0.5161187831266972
1.72 0.5150695862316107
1.73 0.5140333075878138
1.74 0.513007910900145
1.75 0.5119917649417242
1.76 0.5109835047849289
1.77 0.5099818699754783
1.78 0.5089855093792309
1.79 0.5079927145009289
1.8 0.5070009837064425
1.81 0.5060061744966934
1.82 0.505000578746232
1.83 0.5039678630999904
1.84 0.5028684079098596
1.85 0.5016108940725531
1.86 0.5001269185549168
1.87 0.498576923695051
1.88 0.497155779641683
1.89 0.4959003770503482
1.9 0.494779269221133
1.91 0.49375494981045076
1.92 0.49279877473826234
1.93 0.49189148563633617
1.94 0.4910209002990772
1.95 0.4901796836784058
1.96 0.48936372248153764
1.97 0.4885710586709469
1.98 0.48780125089704657
1.99 0.487055054635055
2.0 0.4863343453791684
2.01 0.48564224288155045
2.02 0.4849834368986387
2.03 0.4843647740099535
2.04 0.48379625327430387
2.05 0.4832927310652122
2.06 0.48287693984083113
2.07 0.48258509488975476
2.08 0.48247795083659684
2.09 0.4826642207831089
2.1 0.48335427209265464
2.11 0.48499153618356844
2.12 0.488550776734454
2.13 0.49554614894639654
2.14 0.5037484122160066
2.15 0.50668191788641
2.16 0.5058622920851749
2.17 0.5041050786629637
2.18 0.5022868662495745
2.19 0.5005585329306507
2.2 0.49890971716579685
2.21 0.49731302041271613
2.22 0.49575062593764346
2.23 0.4942143535305245
2.24 0.49270174390963545
2.25 0.4912128595026087
2.26 0.48974831688224735
2.27 0.4883082985849129
2.28 0.48689221442149355
2.29 0.48549869726848144
2.3 0.48412567579103694
2.31 0.48277036032229004
2.32 0.4814290565042585
2.33 0.48009674065824726
2.34 0.47876627457255183
2.35 0.47742697886441104
2.36 0.4760619196500957
2.37 0.47464236695291606
2.38 0.4731154517285183
2.39 0.4713739019022909
2.4 0.46917653377089064
2.41 0.4659789192579044
2.42 0.46117072387318064
2.43 0.4556275137153369
2.44 0.4508427442522662
2.45 0.4472644348410002
2.46 0.4446563508622199
2.47 0.4426977005232523
2.48 0.44115345715712334
2.49 0.4398764069075651
2.5 0.43877976367439575
2.51 0.43781405095843906
2.52 0.43695215600403936
2.53 0.43618052723008144
2.54 0.43549426024500715
2.55 0.43489453943277695
2.56 0.43438753526193025
2.57 0.43398428429347014
2.58 0.43370136782404994
2.59 0.43356243785485343
2.6 0.4336008897766238
2.61 0.4338643457379687
2.62 0.4344222682542491
2.63 0.4353793567337639
2.64 0.43690031910534444
2.65 0.43925855658661234
2.66 0.4429387407340288
2.67 0.448867910342345
2.68 0.45893996116875846
2.69 0.47674434163952706
2.7 0.5033187611706968
2.71 0.521150614502422
2.72 0.5205530539686676
2.73 0.5120342239443229
2.74 0.5019843371428846
2.75 0.4924378379723813
2.76 0.4839315607946899
2.77 0.47653728192415423
2.78 0.47018091791229005
2.79 0.46474580160996076
2.8 0.46010879849873376
2.81 0.456153615414489
2.82 0.45277551195397575
2.83 0.4498824937826963
2.84 0.4473950290545201
2.85 0.44524515832642214
2.86 0.44337536016486456
2.87 0.44173732620383777
2.88 0.4402907306255268
2.89 0.43900205514833474
2.9 0.43784351025202817
2.91 0.43679207013329713
2.92 0.43582861614608864
2.93 0.43493716029720153
2.94 0.4341040852569762
2.95 0.4333172541037208
2.96 0.4325645918985924
2.97 0.43183091694948794
2.98 0.43109026184217264
2.99 0.4303057162934811
3.0 0.429502069371747
3.01 0.4287755996986831
3.02 0.4281465912216732
3.03 0.42758638825105455
3.04 0.42706631302758535
3.05 0.426567675203423
3.06 0.4260799018018955
3.07 0.42559750342048264
3.08 0.425117915795122
3.09 0.4246401862340883
3.1 0.42416420722527043
3.11 0.4236902862740038
3.12 0.4232189357316482
3.13 0.4227508104396537
3.14 0.4222867362104816
3.15 0.42182778961134404
3.16 0.4213754173752192
3.17 0.4209316149669403
3.18 0.4204992172606518
3.19 0.4200824043401427
3.2 0.4196876275899903
3.21 0.41932539663777046
3.22 0.41901394259956626
3.23 0.41878722603859475
3.24 0.41871316595510916
3.25 0.4189298335515536
3.26 0.4196200269797741
3.27 0.42031255326338296
3.28 0.419751161463959
3.29 0.41839650616953883
3.3 0.41702722273094567
3.31 0.4158614869144885
3.32 0.4148984603211209
3.33 0.41409143070670024
3.34 0.4133951715546291
3.35 0.41277539921309153
3.36 0.4122083201287367
3.37 0.4116780832320137
3.38 0.4111742612959271
3.39 0.4106898904417192
3.4 0.4102201331812333
3.41 0.4097614690625847
3.42 0.40931124890972725
3.43 0.40886744713839224
3.44 0.40842849546165255
3.45 0.40799313971543577
3.46 0.4075602982329137
3.47 0.4071289100695165
3.48 0.40669775160933813
3.49 0.4062651721609613
3.5 0.4058286347907201
3.51 0.40538377871226383
3.52 0.40492220309613414
3.53 0.40442542883491267
3.54 0.4038475037211704
3.55 0.4030929828011913
3.56 0.40213734167084014
3.57 0.4011695858925687
3.58 0.4003376668128044
3.59 0.3996518380312341
3.6 0.39907864545090976
3.61 0.39858473332102423
3.62 0.3981456873800795
3.63 0.39774537873520904
3.64 0.39737371751646033
3.65 0.39702470495615116
3.66 0.3966950634641173
3.67 0.39638336050756173
3.68 0.39608950105483787
3.69 0.3958144913147086
3.7 0.3955604111635497
3.71 0.3953305681588995
3.72 0.3951298490555882
3.73 0.3949653433892418
3.74 0.3948474050658719
3.75 0.3947914846882882
3.76 0.3948214090974841
3.77 0.39497555568271225
3.78 0.3953192312028007
3.79 0.39597139873993753
3.8 0.3971671444024066
3.81 0.3994113752944104
3.82 0.40379342885730957
3.83 0.4115081415598347
3.84 0.41870889083573903
3.85 0.42061445629307787
3.86 0.4198426903992095
3.87 0.41851463862496596
3.88 0.4171936003963804
3.89 0.41595754208339614
3.9 0.4147871302915906
3.91 0.4136581541388123
3.92 0.41255624463721
3.93 0.41147510181952474
3.94 0.4104129016625423
3.95 0.40936967829261284
3.96 0.4083458097004025
3.97 0.40734129720670237
3.98 0.40635552409338804
3.99 0.4053872306662419
4.0 0.4044345156997368
4.01 0.4034947510771049
4.02 0.40256434232962957
4.03 0.40163826008085857
4.04 0.40070919313121783
4.05 0.39976599313709366
4.06 0.3987906592428713
4.07 0.3977520434606666
4.08 0.3965914896668802
4.09 0.3951868038376029
4.1 0.39325789554314766
4.11 0.3902083343956886
4.12 0.3856721687287699
4.13 0.38082948458673077
4.14 0.37690189759128545
4.15 0.3740817230695986
4.16 0.37209378498429596
4.17 0.37065145356457124
4.18 0.36955608235991527
4.19 0.3686856908761653
4.2 0.36796902748120025
4.21 0.3673657800585109
4.22 0.3668541776093275
4.23 0.3664238007797233
4.24 0.36607162612869043
4.25 0.3658000242751783
4.26 0.3656159809042008
4.27 0.3655311745411688
4.28 0.3655627982991286
4.29 0.36573522866910857
4.3 0.3660828956813959
4.31 0.3666550995171505
4.32 0.3675242497499176
4.33 0.36880052444402595
4.34 0.37065935988861753
4.35 0.3733963793577643
4.36 0.377545188878131
4.37 0.3841459706624753
4.38 0.3953362036948199
4.39 0.4147743571814444
4.4 0.44030663205764975
4.41 0.45270155506488924
4.42 0.44961410288951104
4.43 0.4411242121016815
4.44 0.43189866964467943
4.45 0.42334594713239376
4.46 0.4158138991220319
4.47 0.4093204711387148
4.48 0.4037803958686831
4.49 0.39907993817613324
4.5 0.39510352350398936
4.51 0.39174361430636484
4.52 0.38890411253563617
4.53 0.3865010586926997
4.54 0.3844621738637159
4.55 0.38272591563557007
4.56 0.381240340706193
4.57 0.3799619118760521
4.58 0.3788543289702854
4.59 0.37788743514873224
4.6 0.37703622692687977
4.61 0.3762799747020476
4.62 0.3756014411141027
4.63 0.37498616289345404
4.64 0.37442172295399934
4.65 0.37389683793130934
4.66 0.37339976759616333
4.67 0.37291452468990555
4.68 0.37241259868065835
4.69 0.3718633736057846
4.7 0.37131678135778917
4.71 0.3708552603523843
4.72 0.37048003174644034
4.73 0.37016150703643
4.74 0.36987466499587524
4.75 0.3696039353869566
4.76 0.3693406968159839
4.77 0.369080546775286
4.78 0.36882147659043696
4.79 0.3685627866926796
4.8 0.36830446627950536
4.81 0.3680468559937196
4.82 0.36779049176536327
4.83 0.3675360654388907
4.84 0.3672844559833264
4.85 0.3670368051951473
4.86 0.36679463708461946
4.87 0.36656004697914824
4.88 0.36633601885173306
4.89 0.3661269852502717
4.9 0.3659398638034797
4.91 0.365786083744904
4.92 0.3656858053228508
4.93 0.36567727542071005
4.94 0.36583804029291245
4.95 0.3663214012577617
4.96 0.3672542152937508
4.97 0.3678710486121208
4.98 0.36722706112606757
4.99 0.3660604284152172
5.0 0.3649673340624371
5.01 0.364077205911466
5.02 0.3633701148326385
5.03 0.36279989803741824
5.04 0.3623257226007727
5.05 0.36191743355542727
5.06 0.361554276827109
5.07 0.3612224170511997
5.08 0.3609126953772279
5.09 0.3606189506329714
5.1 0.36033689763819726
5.11 0.3600634454622895
5.12 0.359796304193548
5.13 0.35953374663810034
5.14 0.35927443836702166
5.15 0.3590172935126906
5.16 0.3587613370276654
5.17 0.3585055572062858
5.18 0.3582487199635569
5.19 0.3579890848565784
5.2 0.35772388577874625
5.21 0.3574482259751737
5.22 0.3571523671472811
5.23 0.3568141191337153
5.24 0.35637796033471275
5.25 0.35574861784735023
5.26 0.3549556070493117
5.27 0.3542002997668797
5.28 0.35358607571132783
5.29 0.3531049415719051
5.3 0.3527227636386026
5.31 0.35240939437442753
5.32 0.35214351462319404
5.33 0.3519112552261426
5.34 0.3517040336183141
5.35 0.35151681964972226
5.36 0.3513469527257474
5.37 0.35119340313461817
5.38 0.35105635925858697
5.39 0.3509370544631527
5.4 0.35083778252991643
5.41 0.35076208682322463
5.42 0.350715152302968
5.43 0.35070449065302484
5.44 0.35074110885089554
5.45 0.35084154177313187
5.46 0.3510315313761448
5.47 0.35135305345608636
5.48 0.3518786513277715
5.49 0.3527429954396781
5.5 0.35421798193405446
5.51 0.356896595823305
5.52 0.3619996150765798
5.53 0.3701029797179754
5.54 0.3759968616078327
5.55 0.377016991505283
5.56 0.37616316929236504
5.57 0.37499334611759644
5.58 0.37386885572640194
5.59 0.3728241521669521
5.6 0.37183593419365174
5.61 0.3708829320521158
5.62 0.3699534309111331
5.63 0.3690425560220522
5.64 0.36814900342941265
5.65 0.3672728479190528
5.66 0.36641433624147535
5.67 0.3655733386744332
5.68 0.3647491686053625
5.69 0.36394054753702904
5.7 0.36314556667693326
5.71 0.36236155775851187
5.72 0.36158481064703735
5.73 0.36081005000624766
5.74 0.36002949199037326
5.75 0.3592310891235366
5.76 0.35839506484458356
5.77 0.3574865229194669
5.78 0.3564381777901256
5.79 0.35510612906991373
5.8 0.3531567291736357
5.81 0.3499539491910567
5.82 0.3454621959669945
5.83 0.34104241714959305
5.84 0.33763483334638567
5.85 0.33524756194403366
5.86 0.33358934767094706
5.87 0.3324023005835468
5.88 0.3315150644943399
5.89 0.33082408628946064
5.9 0.33026936643788257
5.91 0.32981723961700904
5.92 0.3294498552222131
5.93 0.3291591615736533
5.94 0.3289436469194339
5.95 0.3288067486770563
5.96 0.3287563264187191
5.97 0.32880491433764025
5.98 0.3289706986360406
5.99 0.32927937463524637
6.0 0.32976730235181967
6.01 0.3304868144449022
6.02 0.33151537150291843
6.03 0.3329720454338841
6.04 0.3350488887835984
6.05 0.33807469325785217
6.06 0.34265410922251477
6.07 0.34998724756356986
6.08 0.3625286804367415
6.09 0.38374599350351946
6.1 0.40728037405916107
6.11 0.41481334625716476
6.12 0.4099031410750607
6.13 0.4013700967289917
6.14 0.3926349987120598
6.15 0.38468743048840115
6.16 0.3777484210148225
6.17 0.371798985294536
6.18 0.3667457412304673
6.19 0.362476616107109
6.2 0.3588810271249566
6.21 0.3558573679895306
6.22 0.353315468086865
6.23 0.35117691424820774
6.24 0.34937444613466545
6.25 0.34785096066996507
6.26 0.3465583688702493
6.27 0.345456426934599
6.28 0.34451161263916724
6.29 0.34369608925903083
6.3 0.3429867762293538
6.31 0.34236452615619817
6.32 0.3418133900632687
6.33 0.3413199302741851
6.34 0.3408724939272345
6.35 0.34046023065772274
6.36 0.34007122040230525
6.37 0.3396878148682622
6.38 0.3392786187103463
6.39 0.3388245269618389
6.4 0.33839695887680576
6.41 0.338058450738666
6.42 0.33779694239145414
6.43 0.3375833050066627
6.44 0.33739557193859204
6.45 0.33722056756862423
6.46 0.3370511343524098
6.47 0.3368836812762247
6.48 0.3367166189817897
6.49 0.3365494469842992
6.5 0.3363822404305656
6.51 0.33621537901114945
6.52 0.3360494285499636
6.53 0.3358851185478433
6.54 0.33572337833491367
6.55 0.33556541525332656
6.56 0.33541284158682944
6.57 0.3352678820346742
6.58 0.335133727980064
6.59 0.3350151697023576
6.6 0.33491978065507916
6.61 0.3348602664643163
6.62 0.3348594346535282
6.63 0.33496135162922347
6.64 0.33525622097588126
6.65 0.3359121596882279
6.66 0.33694757902833944
6.67 0.33733544286763606
6.68 0.336571806856617
6.69 0.33550195272872246
6.7 0.33456147181839174
6.71 0.33381974746126925
6.72 0.33324528734518016
6.73 0.3327932192624615
6.74 0.33242630824856
6.75 0.33211761996423345
6.76 0.3318487469089067
6.77 0.33160741566104907
6.78 0.33138546340354086
6.79 0.33117736870811715
6.8 0.33097928496451196
6.81 0.3307884499255667
6.82 0.330602832895308
6.83 0.33042090885154146
6.84 0.3302414918611663
6.85 0.3300635939510995
6.86 0.32988629070638503
6.87 0.3297085738159637
6.88 0.3295291558731351
6.89 0.3293461555208759
6.9 0.32915649592843726
6.91 0.3289545765574202
6.92 0.3287288958137282
6.93 0.328452348044355
6.94 0.32805833821364017
6.95 0.32746190541820663
6.96 0.3267482323769632
6.97 0.32611107768150094
6.98 0.325615307935732
6.99 0.32524135926329917
7.0 0.3249556535212657
7.01 0.3247308809835294
7.02 0.32454824182969394
7.03 0.3243956671165046
7.04 0.3242657695218178
7.05 0.3241542918645217
7.06 0.32405907581561993
7.07 0.32397943284198205
7.08 0.3239158072470531
7.09 0.3238696555148648
7.1 0.32384350133906076
7.11 0.3238411627023675
7.12 0.32386819285363233
7.13 0.32393264278423517
7.14 0.3240463655294742
7.15 0.3242273041585764
7.16 0.3245036833640605
7.17 0.3249221368334322
7.18 0.32556458707843516
7.19 0.32658615459802637
7.2 0.32830679596755413
7.21 0.3314308159969546
7.22 0.3372783435089704
7.23 0.3454014941757557
7.24 0.34989662091357193
7.25 0.35024803173231395
7.26 0.3493268648267011
7.27 0.34824562015356103
7.28 0.34723015940171864
7.29 0.3462882779413211
7.3 0.34539556455664067
7.31 0.34453353965209355
7.32 0.3436926615167907
7.33 0.34286917943047174
7.34 0.34206219662445553
7.35 0.3412718245675373
7.36 0.3404982099429529
7.37 0.33974111018704645
7.38 0.3389997541764574
7.39 0.3382727987107485
7.4 0.33755826069673756
7.41 0.33685335241348674
7.42 0.3361541561733305
7.43 0.33545503496451323
7.44 0.3347475653172504
7.45 0.33401852369994234
7.46 0.33324583713197864
7.47 0.3323897574524413
7.48 0.33137173819526505
7.49 0.33001944788321325
7.5 0.32793398023411513
7.51 0.32448660632730075
7.52 0.3200321493938465
7.53 0.3159704228332308
7.54 0.3129621668967535
7.55 0.31088753523075713
7.56 0.30945542678659654
7.57 0.30843467901388516
7.58 0.3076765978661367
7.59 0.30709248993919097
7.6 0.3066313489178338
7.61 0.3062648295573395
7.62 0.30597825600816425
7.63 0.30576554616183005
7.64 0.3056265103772474
7.65 0.3055655951267149
7.66 0.3055915711313987
7.67 0.30571795049580686
7.68 0.30596413059437877
7.69 0.3063574720861268
7.7 0.30693680397602063
7.71 0.30775834354538695
7.72 0.30890600224208986
7.73 0.3105101762352103
7.74 0.3127840604122043
7.75 0.31609875502621554
7.76 0.32114986764849657
7.77 0.3293403526197403
7.78 0.343477319063922
7.79 0.3662635690825201
7.8 0.3866416911562309
7.81 0.39002392334098823
7.82 0.3838378164383454
7.83 0.3753216183091391
7.84 0.36697422778882843
7.85 0.35948972346070285
7.86 0.3529992888647169
7.87 0.3474576329626534
7.88 0.3427658081436615
7.89 0.33881336409252094
7.9 0.335493834058379
7.91 0.33271043651017257
7.92 0.33037780991573856
7.93 0.3284220349799562
7.94 0.32677990937708845
7.95 0.3253979101468696
7.96 0.3242310488018069
7.97 0.3232417261808594
7.98 0.322398648894701
7.99 0.3216758411550674
8.0 0.32105176396066143
8.01 0.32050853574863575
8.02 0.3200312316472874
8.03 0.3196072135833442
8.04 0.31922538624428887
8.05 0.31887510610199277
8.06 0.31854392020176825
8.07 0.31821186732914203
8.08 0.3178456081606726
8.09 0.31744354272710734
8.1 0.3170900092292407
8.11 0.316825203738382
8.12 0.31662860925417036
8.13 0.316472580507028
8.14 0.3163379073137703
8.15 0.3162134062435933
8.16 0.31609310825993464
8.17 0.3159740766201947
8.18 0.31585506182965983
8.19 0.31573572906724406
8.2 0.31561623059626737
8.21 0.3154969865616864
8.22 0.3153785957159229
8.23 0.31526182671300107
8.24 0.31514766034745473
8.25 0.31503737366924334
8.26 0.31493267876252184
8.27 0.3148359538822201
8.28 0.3147506430236119
8.29 0.3146819767804659
8.3 0.31463834003115637
8.31 0.31463402628391035
8.32 0.31469515898145684
8.33 0.31487310966017995
8.34 0.31527331572081213
8.35 0.31607136003029684
8.36 0.31710716472351197
8.37 0.3172088316743351
8.38 0.31635384876693234
8.39 0.3153584972261857
8.4 0.3145259479032869
8.41 0.31388456227868916
8.42 0.3133961987861786
8.43 0.3130179319150547
8.44 0.31271577710248616
8.45 0.31246555553987276
8.46 0.312250838119086
8.47 0.3120606680829611
8.48 0.311887729842572
8.49 0.31172705234976333
8.5 0.31157516605025515
8.51 0.3114295845632514
8.52 0.31128848571223056
8.53 0.3111504990955741
8.54 0.31101454569225945
8.55 0.31087970103253404
8.56 0.3107450629417534
8.57 0.3106096007284153
8.58 0.31047194461422634
8.59 0.3103300289853773
8.6 0.31018038335218917
8.61 0.3100165100666543
8.62 0.3098246131662253
8.63 0.30957119312895814
8.64 0.3091784401333951
8.65 0.30858524875256904
8.66 0.30792663041673307
8.67 0.3073722966982998
8.68 0.306955864832562
8.69 0.3066507828406781
8.7 0.3064248340663927
8.71 0.30625333073925376
8.72 0.3061196436027826
8.73 0.3060132243741653
8.74 0.3059276912083639
8.75 0.30585944138836046
8.76 0.305806750138761
8.77 0.30576923445705156
8.78 0.30574758081545045
8.79 0.30574347097341076
8.8 0.30575967529565
8.81 0.3058003207169852
8.82 0.30587138831015676
8.83 0.3059815677171257
8.84 0.3061437250098237
8.85 0.30637750179789
8.86 0.30671413823690924
8.87 0.30720597433751745
8.88 0.30794655433834356
8.89 0.30911667746615445
8.9 0.3110970542528082
8.91 0.31472498140850735
8.92 0.32131732282157277
8.93 0.3290229388370983
8.94 0.3321942199478679
8.95 0.3320697210494857
8.96 0.33111158498423265
8.97 0.330093693370347
8.98 0.32915074022513047
8.99 0.3282745766761007
9.0 0.3274414086251303
9.01 0.32663538375438256
9.02 0.3258487836179775
9.03 0.3250787607122434
9.04 0.32432473307775933
9.05 0.32358683161053403
9.06 0.32286511324238126
9.07 0.3221592299618519
9.08 0.3214683175668138
9.09 0.3207909429877199
9.1 0.32012501109112984
9.11 0.3194675665234283
9.12 0.3188144217560638
9.13 0.3181594890147892
9.14 0.3174935607674426
9.15 0.31680197418450173
9.16 0.31605982501534874
9.17 0.3152213003582114
9.18 0.31419353709498493
9.19 0.312767935979683
9.2 0.31047259805022415
9.21 0.30676673740388577
9.22 0.3023956602726455
9.23 0.29867091659896433
9.24 0.2959965398325178
9.25 0.2941700954068602
9.26 0.2929111999489642
9.27 0.29201371810307986
9.28 0.2913483739354421
9.29 0.2908388871864482
9.3 0.29044170956322574
9.31 0.2901329195920886
9.32 0.2899005154187684
9.33 0.2897401196611026
9.34 0.28965274191248297
9.35 0.2896438059331601
9.36 0.28972302982680015
9.37 0.2899050040424706
9.38 0.29021051438668727
9.39 0.29066887296378435
9.4 0.29132183572569104
9.41 0.29223025632792915
9.42 0.2934857881520838
9.43 0.2952325068719948
9.44 0.29770937066033737
9.45 0.3013396037504011
9.46 0.3069319395694191
9.47 0.3161378525949947
9.48 0.3320990148654096
9.49 0.35584401666037635
9.5 0.3721533079446201
9.51 0.37219016677223504
9.52 0.3651483063065869
9.53 0.356717271218651
9.54 0.34871472777064705
9.55 0.34162201327118813
9.56 0.3355053150086567
9.57 0.3303004294126364
9.58 0.3259048297250344
9.59 0.32220989779864434
9.6 0.31911288937005
9.61 0.3165212628794301
9.62 0.31435384408765504
9.63 0.3125406075768269
9.64 0.3110218535627606
9.65 0.3097471382421083
9.66 0.308674132026149
9.67 0.3077674991192275
9.68 0.30699785127797363
9.69 0.3063408019903543
9.7 0.3057761270517564
9.71 0.3052870210412176
9.72 0.30485942211776407
9.73 0.3044813486803409
9.74 0.3041421191489079
9.75 0.3038311058202162
9.76 0.3035349489999684
9.77 0.30323076671356725
9.78 0.3028856056763514
9.79 0.30252035462992477
9.8 0.3022211185739551
9.81 0.3020070824493365
9.82 0.3018529865012173
9.83 0.30173324645850613
9.84 0.3016311359340031
9.85 0.30153715732743486
9.86 0.3014463270615845
9.87 0.3013562475037868
9.88 0.30126595019887875
9.89 0.30117524017506575
9.9 0.30108433882428004
9.91 0.30099370677474985
9.92 0.3009039780525647
9.93 0.30081596310540737
9.94 0.30073069793099266
9.95 0.3006495365455874
9.96 0.3005743050208094
9.97 0.3005075613001318
9.98 0.30045304906886156
9.99 0.3004165258144582
10.0 0.3004073554039289
10.01 0.3004417663186849
10.02 0.30054996591056327
10.03 0.3007923331246685
10.04 0.3012917383521811
10.05 0.3022134024249233
10.06 0.30314915221034155
10.07 0.30296566856187584
10.08 0.3020578402913104
10.09 0.3011304363618486
10.1 0.3003837424682785
10.11 0.2998184578275964
10.12 0.2993930766137891
10.13 0.2990670262251105
10.14 0.2988093072902511
10.15 0.2985981573404648
10.16 0.29841885696222625
10.17 0.2982615846895781
10.18 0.29811975956179554
10.19 0.29798889169574766
10.2 0.2978658413346775
10.21 0.2977483596040058
10.22 0.2976347984279493
10.23 0.29752391129271133
10.24 0.29741469986616176
10.25 0.2973062813648441
10.26 0.29719775687431615
10.27 0.2970880539892704
10.28 0.29697569508673477
10.29 0.29685838662325914
10.3 0.2967321722053774
10.31 0.29658942580313835
10.32 0.2964133903051888
10.33 0.29616247277090746
10.34 0.2957501341294528
10.35 0.29515315295551703
10.36 0.29454250803116017
10.37 0.2940537419456161
10.38 0.2936968247668341
10.39 0.29344144706133113
10.4 0.2932572463125808
10.41 0.2931219687517804
10.42 0.29302089178900864
10.43 0.2929447807732402
10.44 0.2928881198814374
10.45 0.29284787418054686
10.46 0.29282270257253784
10.47 0.2928125023983166
10.48 0.2928181939661725
10.49 0.2928416889582949
10.5 0.29288602182059753
10.51 0.2929556620294834
10.52 0.29305707619994825
10.53 0.29319968994151924
10.54 0.2933975496219525
10.55 0.2936722951581734
10.56 0.2940587520008506
10.57 0.2946161317848979
10.58 0.2954521911408325
10.59 0.29677964331588275
10.6 0.2990549543722275
10.61 0.3032644842729649
10.62 0.31051693680885684
10.63 0.3173815485947552
10.64 0.3194148518417549
10.65 0.31896651023242895
10.66 0.31799667377678403
10.67 0.3170300237342733
10.68 0.3161404397444372
10.69 0.31531078944750035
10.7 0.31451888396654337
10.71 0.31375128878037756
10.72 0.3130018183574876
10.73 0.3122683500458399
10.74 0.3115505382468983
10.75 0.3108485125052061
10.76 0.31016224167125805
10.77 0.30949127440408936
10.78 0.30883464638170033
10.79 0.3081908170280336
10.8 0.3075575521063696
10.81 0.3069316913900603
10.82 0.3063087242805731
10.83 0.3056820283536563
10.84 0.30504146506596497
10.85 0.30437064797049046
10.86 0.3036412340476179
10.87 0.3027999044886444
10.88 0.3017357278864897
10.89 0.3001946272581835
10.9 0.29763334748370607
10.91 0.293703814935709
10.92 0.28947359991954164
10.93 0.28607263210552397
10.94 0.2836870069676489
10.95 0.2820665723218497
10.96 0.2809480256313597
10.97 0.2801484445907727
10.98 0.27955539289587955
10.99 0.2791031358376795
11.0 0.27875442877291184
11.01 0.2784891056152872
11.02 0.27829746784367815
11.03 0.27817664926976005
11.04 0.2781287725218493
11.05 0.27816022299392185
11.06 0.27828170578496314
11.07 0.2785089849850277
11.08 0.2788644009828886
11.09 0.2793794890029744
11.1 0.28009937731876455
11.11 0.28109030958293946
11.12 0.2824530208506795
11.13 0.28434780255858527
11.14 0.28704454351422093
11.15 0.29102994963241385
11.16 0.29725190121419387
11.17 0.30765808705767017
11.18 0.32560508166870017
11.19 0.3492891520271037
11.2 0.36109835122705297
11.21 0.3585681424456837
11.22 0.35098474401948543
11.23 0.3426955896405815
11.24 0.33501612470045244
11.25 0.32827272570858523
11.26 0.3224840452795001
11.27 0.3175723125946311
11.28 0.3134329585843113
11.29 0.30995945139923764
11.3 0.3070525697310884
11.31 0.3046236563754897
11.32 0.3025953275982818
11.33 0.30090106001651473
11.34 0.299484288921909
11.35 0.2982973158806528
11.36 0.2973001747672572
11.37 0.29645953733468594
11.38 0.2957477026622857
11.39 0.2951416900005593
11.4 0.2946224358796439
11.41 0.2941740808499073
11.42 0.29378331318531126
11.43 0.29343870218580853
11.44 0.2931298609660303
11.45 0.2928459867842206
11.46 0.2925723863045975
11.47 0.29228285549615207
11.48 0.29194883827686846
11.49 0.29161550294510996
11.5 0.2913598352375798
11.51 0.2911837290338409
11.52 0.291059887601489
11.53 0.2909650692657185
11.54 0.2908847753057164
11.55 0.2908109477913666
11.56 0.2907394304671898
11.57 0.29066827572100595
11.58 0.2905967502612144
11.59 0.2905247782180996
11.6 0.2904526430308225
11.61 0.2903808451633565
11.62 0.2903100556406906
11.63 0.29024112948520264
11.64 0.2901751624831319
11.65 0.29011359405396847
11.66 0.29005837972569265
11.67 0.29001228491664954
11.68 0.2899794032858202
11.69 0.28996611368007735
11.7 0.28998294713910533
11.71 0.2900484687242994
11.72 0.29019787711949857
11.73 0.29050251142214384
11.74 0.29110370912490174
11.75 0.29212267785731716
11.76 0.2928637884702595
11.77 0.2924336568537559
11.78 0.2915072866141921
11.79 0.2906453163312161
11.8 0.28997129353333984
11.81 0.2894676740964152
11.82 0.2890917974632086
11.83 0.2888056699109713
11.84 0.28858105051234845
11.85 0.2883983259225926
11.86 0.28824427718387785
11.87 0.2881100764515269
11.88 0.28798978840606454
11.89 0.2878793488239002
11.9 0.28777590986458956
11.91 0.28767743031572707
11.92 0.28758241054052186
11.93 0.2874897057304925
11.94 0.28739837949915037
11.95 0.2873075747544978
11.96 0.2872163808152769
11.97 0.28712366619818214
11.98 0.287027819371375
11.99 0.2869262697279389
12.0 0.28681446427695634
12.01 0.2866833568215154
12.02 0.2865123685281261
12.03 0.286250041701249
12.04 0.28580733114874185
12.05 0.28520978792008866
12.06 0.28464522178336726
12.07 0.2842117556920931
12.08 0.2839025196977969
12.09 0.28368567215810475
12.1 0.2835329722481352
12.11 0.283424418712397
12.12 0.2833469795873062
12.13 0.283292569509518
12.14 0.28325642932783884
12.15 0.2832360245171588
12.16 0.2832303594360519
12.17 0.28323959331281057
12.18 0.28326487578391135
12.19 0.28330835538158505
12.2 0.28337334963848965
12.21 0.28346470572463317
12.22 0.28358943594731234
12.23 0.28375780439262577
12.24 0.28398521732293397
12.25 0.2842956428489176
12.26 0.2847281366191386
12.27 0.2853501409366486
12.28 0.28628673713133684
12.29 0.2877901945732714
12.3 0.29041035015057737
12.31 0.29528290639446786
12.32 0.30298432733827524
12.33 0.30869572548718754
12.34 0.3098221460042093
12.35 0.3091632891892401
12.36 0.30819956719399744
12.37 0.30727677638719814
12.38 0.30642891972576575
12.39 0.30563441591655705
12.4 0.30487319811554486
12.41 0.3041340142649263
12.42 0.30341196381826446
12.43 0.3027055021233635
12.44 0.30201445451568437
12.45 0.3013389296060326
12.46 0.3006788066259519
12.47 0.3000335305456378
12.48 0.2994020303162918
12.49 0.29878264328376936
12.5 0.2981729732123715
12.51 0.2975696212828003
12.52 0.29696770171192605
12.53 0.2963599696416448
12.54 0.2957351937575566
12.55 0.295074938003793
12.56 0.2943466978639551
12.57 0.2934878746180498
12.58 0.29236476834241865
12.59 0.2906674765456851
12.6 0.2878009556060982
12.61 0.28371448240896696
12.62 0.2796780352037892
12.63 0.2765860474946066
12.64 0.2744535550007133
12.65 0.2730081218954386
12.66 0.2720069174812617
12.67 0.2712882959876778
12.68 0.2707544900676275
12.69 0.2703488044591954
12.7 0.27003938247370607
12.71 0.2698092881265174
12.72 0.2696508376253526
12.73 0.26956252813591197
12.74 0.2695475338150842
12.75 0.26961319885462814
12.76 0.2697712613066462
12.77 0.2700387575745535
12.78 0.27043975233593553
12.79 0.2710082839363172
12.8 0.27179332051308897
12.81 0.27286730562620093
12.82 0.27434153457030225
12.83 0.27639539439419597
12.84 0.279335742893881
12.85 0.28372636185438876
12.86 0.2906852858800331
12.87 0.30250056405185427
12.88 0.32244647126209597
12.89 0.3447700746424277
12.9 0.35216909916605116
12.91 0.3477475042569099
12.92 0.3398536340042848
12.93 0.33174881756669666
12.94 0.3243785590430079
12.95 0.31795546808385167
12.96 0.3124632432601129
12.97 0.3078144935951369
12.98 0.30390379293756026
12.99 0.300626926911106
13.0 0.2978880791127132
13.01 0.29560223184019285
13.02 0.29369550868256766
13.03 0.29210460378390624
13.04 0.2907758182154532
13.05 0.2896639531263878
13.06 0.2887311877545015
13.07 0.2879460121692356
13.08 0.28728225123200235
13.09 0.28671819332791404
13.1 0.2862358202661079
13.11 0.28582011976286353
13.12 0.2854584420105437
13.13 0.2851398190637523
13.14 0.2848540452729823
13.15 0.2845899282032521
13.16 0.2843309404799123
13.17 0.28404763168241925
13.18 0.2837213946677029
13.19 0.28341874159225117
13.2 0.2831996484829719
13.21 0.2830532813902387
13.22 0.28295216602227136
13.23 0.28287548342414764
13.24 0.2828107184490747
13.25 0.2827510468853322
13.26 0.2826930115186852
13.27 0.28263504313064336
13.28 0.2825766066528684
13.29 0.28251772841373923
13.3 0.2824587479336598
13.31 0.2824002048637063
13.32 0.28234280887660856
13.33 0.2822874626904537
13.34 0.28223532728561884
13.35 0.28218793715004725
13.36 0.2821473944950797
13.37 0.282116702938083
13.38 0.28210036226176116
13.39 0.28210548024192184
13.4 0.28214397451826456
13.41 0.28223722583791244
13.42 0.2824265177095008
13.43 0.28279634397828923
13.44 0.28350482763420026
13.45 0.28457600693071916
13.46 0.2850507659177946
13.47 0.2844307498499211
13.48 0.28351233977358736
13.49 0.2827138689117085
13.5 0.2821033645340345
13.51 0.2816516787035417
13.52 0.2813164699183734
13.53 0.28106241642126933
13.54 0.28086382577301916
13.55 0.28070300912040497
13.56 0.28056807546545764
13.57 0.2804510740948182
13.58 0.2803466416561065
13.59 0.2802510930755847
13.6 0.2801618405725408
13.61 0.2800770259505001
13.62 0.27999527745011216
13.63 0.2799155345902247
13.64 0.2798369082394483
13.65 0.2797585539706941
13.66 0.27967953599650996
13.67 0.27959864648296906
13.68 0.27951411139792937
13.69 0.2794230254414086
13.7 0.27932010259111706
13.71 0.27919450174336546
13.72 0.27902071755325514
13.73 0.27873603601137276
13.74 0.27825925699456405
13.75 0.27766902142422434
13.76 0.27714974628996836
13.77 0.2767644336805356
13.78 0.2764949193776606
13.79 0.2763093236388389
13.8 0.27618163781803406
13.81 0.27609393338858845
13.82 0.2760346835889959
13.83 0.27599681584245606
13.84 0.2759762381589445
13.85 0.2759708619229625
13.86 0.27598000667472294
13.87 0.27600407987820225
13.88 0.2760444590212554
13.89 0.27610353866573506
13.9 0.2761849406684023
13.91 0.27629392804694536
13.92 0.27643812401426976
13.93 0.27662874342746485
13.94 0.276882752519381
13.95 0.2772268228652734
13.96 0.27770499161458484
13.97 0.27839455610386493
13.98 0.2794417347448105
13.99 0.2811478092875634
14.0 0.2841758152120349
14.01 0.2897763651901508
14.02 0.29758248635887496
14.03 0.30200109183595014
14.04 0.30244609363707825
14.05 0.301657897498946
14.06 0.30071163297517967
14.07 0.299827231824174
14.08 0.29901321594488234
14.09 0.29824646153838985
14.1 0.29750923214553177
14.11 0.2967922115638151
14.12 0.2960915691690732
14.13 0.2954062158323746
14.14 0.29473609352328795
14.15 0.2940812728032493
14.16 0.29344154055155364
14.17 0.29281623629402004
14.18 0.29220417555549083
14.19 0.29160356011524136
14.2 0.29101181009536903
14.21 0.29042525445192335
14.22 0.28983857725216616
14.23 0.28924381432790813
14.24 0.28862845658256553
14.25 0.2879716335599793
14.26 0.2872357994526069
14.27 0.2863468542407104
14.28 0.28514242711588766
14.29 0.2832464743765917
14.3 0.2800591091765552
14.31 0.27589855540347485
14.32 0.27209719648220426
14.33 0.26929631207990135
14.34 0.26738699240740504
14.35 0.2660922322651571
14.36 0.26519106313263746
14.37 0.26454114573029414
14.38 0.2640575144941897
14.39 0.2636912664152426
14.4 0.26341518603606767
14.41 0.2632151430960294
14.42 0.26308523796663696
14.43 0.2630252161905698
14.44 0.26303926064050476
14.45 0.26313568265785475
14.46 0.2633273071091415
14.47 0.26363254924102636
14.48 0.264077379204746
14.49 0.2646986396229767
14.5 0.2655496490642116
14.51 0.26670995278852844
14.52 0.2683030894981116
14.53 0.270530899537928
14.54 0.2737444203491148
14.55 0.2786010222201275
14.56 0.28642557431959337
14.57 0.2998733662433218
14.58 0.32157187094899176
14.59 0.34121693473271086
14.6 0.3446893623654525
14.61 0.3389241895826904
14.62 0.3308881030457128
14.63 0.322997807073136
14.64 0.3159260756152477
14.65 0.3098015101339593
14.66 0.3045820702159951
14.67 0.30017370308977076
14.68 0.29647104193117885
14.69 0.2933723823087111
14.7 0.2907852318874608
14.71 0.28862802834869283
14.72 0.2868301847836152
14.73 0.2853313915004063
14.74 0.2840806045629959
14.75 0.28303493179199674
14.76 0.28215852638357897
14.77 0.28142154781256407
14.78 0.28079921932097424
14.79 0.2802709902466064
14.8 0.27981979557219877
14.81 0.27943139009735724
14.82 0.2790937117840218
14.83 0.27879617506113674
14.84 0.27852863672053707
14.85 0.27827925829213473
14.86 0.27802911720826634
14.87 0.27774646283149923
14.88 0.27742886659303295
14.89 0.27715647666290893
14.9 0.2769687267781646
14.91 0.27684636201836
14.92 0.27676292875220854
14.93 0.2766999797210049
14.94 0.2766467534527795
14.95 0.2765974841641646
14.96 0.27654930750064183
14.97 0.2765009739200075
14.98 0.27645211637940714
14.99 0.276402849586997
15.0 0.2763535642817678
15.01 0.27630483890663055
15.02 0.27625742357962363
15.03 0.2762122722618473
15.04 0.27617061735765136
15.05 0.2761340993963721
15.06 0.27610498661819205
15.07 0.2760865554214616
15.08 0.2760837757264583
15.09 0.27610460920260393
15.1 0.2761626204595667
15.11 0.2762825851932473
15.12 0.2765131934015436
15.13 0.27695440173127484
15.14 0.2777739308424979
15.15 0.2788290764716148
15.16 0.27900328280633113
15.17 0.27825272335128076
15.18 0.2773610976750644
15.19 0.2766238375528549
15.2 0.27606979721652575
15.21 0.2756628844952913
15.22 0.2753620396865873
15.23 0.27513461240787745
15.24 0.27495725942386695
15.25 0.274814021113524
15.26 0.2746941877690009
15.27 0.27459058732204256
15.28 0.27449836585238296
15.29 0.2744141775403832
15.3 0.27433566717122265
15.31 0.27426113850857303
15.32 0.2741893304534057
15.33 0.2741192524828157
15.34 0.2740500504344306
15.35 0.273980881092548
15.36 0.2739107707402524
15.37 0.2738384168818745
15.38 0.2737618503260818
15.39 0.27367776174800085
15.4 0.27357996082609154
15.41 0.2734553246095532
15.42 0.27327203579742676
15.43 0.2729559636124982
15.44 0.2724472582606046
15.45 0.2718734290869208
15.46 0.27139844776643873
15.47 0.2710557575152778
15.48 0.2708201462910665
15.49 0.2706606694100663
15.5 0.27055355693882915
15.51 0.2704827779760121
15.52 0.27043814900841195
15.53 0.27041349451896074
15.54 0.27040531491660824
15.55 0.2704119226363625
15.56 0.27043292819670667
15.57 0.27046897749735793
15.58 0.27052167708848035
15.59 0.27059367909090704
15.6 0.27068893367330493
15.61 0.27081316193707206
15.62 0.27097467026868416
15.63 0.2711857500197251
15.64 0.27146515489116246
15.65 0.2718426948232336
15.66 0.27236827826328736
15.67 0.2731310268567314
15.68 0.27430301627246123
15.69 0.27624623126530146
15.7 0.27975709703286333
15.71 0.2861028761600607
15.72 0.29358169401235384
15.73 0.2967406589407517
15.74 0.29669711780094177
15.75 0.29583590958654365
15.76 0.2949135575931921
15.77 0.2940629865750213
15.78 0.29327705366941303
15.79 0.29253289703120355
15.8 0.2918151211256067
15.81 0.2911161001485856
15.82 0.2904328862670699
15.83 0.2897647433160794
15.84 0.28911168508329815
15.85 0.2884737296469231
15.86 0.2878505683995084
15.87 0.2872414327214831
15.88 0.28664501761015115
15.89 0.28605937582380114
15.9 0.2854817218710128
15.91 0.2849080769427272
15.92 0.2843326345216965
15.93 0.28374660107406285
15.94 0.28313597356236064
15.95 0.28247698516292413
15.96 0.2817259626144941
15.97 0.28079449616283564
15.98 0.27948421156830056
15.99 0.2773455181888773
16.0 0.2738525797374501
16.01 0.26970333508551003
16.02 0.26616386055938074
16.03 0.2636336762684054
16.04 0.26192154504832843
16.05 0.26075761744960035
16.06 0.2599428557461855
16.07 0.25935229356866385
16.08 0.2589121443698623
16.09 0.2585802484146839
16.1 0.2583334122501955
16.11 0.2581599627968857
16.12 0.2580555978368826
16.13 0.2580212216112087
16.14 0.25806199809006375
16.15 0.25818722442766184
16.16 0.25841087516638317
16.17 0.2587528618078182
16.18 0.2592412581459782
16.19 0.25991604280718955
16.2 0.26083545486914367
16.21 0.2620871657302273
16.22 0.2638089078484047
16.23 0.26622895017780657
16.24 0.26975122779892424
16.25 0.27514687469961774
16.26 0.28398980181827166
16.27 0.29928450995579053
16.28 0.32212518653021543
16.29 0.33805665224132664
16.3 0.33828477876467755
16.31 0.3316017646874419
16.32 0.3235451918177475
16.33 0.31588995092863953
16.34 0.30910738554577855
16.35 0.30326381748626074
16.36 0.2982983078960299
16.37 0.2941123868896857
16.38 0.29060145813095817
16.39 0.28766648000729944
16.4 0.2852182203210225
16.41 0.2831784237119233
16.42 0.28147961549301787
16.43 0.28006430091413415
16.44 0.27888391797994033
16.45 0.27789772267569396
16.46 0.27707170129320535
16.47 0.27637756025173277
16.48 0.2757918161963002
16.49 0.27529498990092005
16.5 0.2748708926326539
16.51 0.2745059780827499
16.52 0.27418870587812255
16.53 0.27390879407094837
16.54 0.2736560286864558
16.55 0.27341760967537443
16.56 0.2731716640786795
16.57 0.2728863943096101
16.58 0.2725807979159514
16.59 0.27233795419619283
16.6 0.272177277819102
16.61 0.2720746251480261
16.62 0.2720052741758944
16.63 0.27195301793157983
16.64 0.2719086353654632
16.65 0.2718672686878751
16.66 0.2718265574491565
16.67 0.27178552306969755
16.68 0.27174394163114346
16.69 0.2717020049303206
16.7 0.2716601510799715
16.71 0.2716189972827806
16.72 0.27157933618190094
16.73 0.27154217704587413
16.74 0.27150883083977506
16.75 0.2714810565961744
16.76 0.2714613104922458
16.77 0.2714531811322902
16.78 0.2714621825741663
16.79 0.27149727747643887
16.8 0.2715739899084763
16.81 0.27172119628358415
16.82 0.2719965807701035
16.83 0.2725176347018025
16.84 0.27344466036200715
16.85 0.2743976836206367
16.86 0.27427832122682616
16.87 0.2734496644948097
16.88 0.27259721483578925
16.89 0.27191834508719814
16.9 0.27141492894581815
16.91 0.2710471725024201
16.92 0.2707759009043641
16.93 0.2705710689069981
16.94 0.27041149150523297
16.95 0.27028276479664354
16.96 0.2701752329044376
16.97 0.2700824174188529
16.98 0.2699999197331791
16.99 0.2699246984028472
17.0 0.2698546065632232
17.01 0.26978809149624244
17.02 0.269723987877828
17.03 0.26966136277223485
17.04 0.2695993861804483
17.05 0.26953720541643966
17.06 0.2694737957930855
17.07 0.2694077399441878
17.08 0.2693368352878815
17.09 0.2692572836827874
17.1 0.2691617727075188
17.11 0.26903426127711627
17.12 0.2688349742950833
17.13 0.2684806410969964
17.14 0.26794691949412636
17.15 0.2673976792377495
17.16 0.26696546137307203
17.17 0.26666081541110553
17.18 0.2664545959540986
17.19 0.2663173996648165
17.2 0.2662276348546051
17.21 0.26617100055991877
17.22 0.266138513756528
17.23 0.2661247966319032
17.24 0.26612687877406926
17.25 0.2661434363965455
17.26 0.26617435167317177
17.27 0.26622050239386325
17.28 0.2662837278820121
17.29 0.2663669518284275
17.3 0.26647447992101236
17.31 0.26661253862206075
17.32 0.26679019863230613
17.33 0.26702097044477113
17.34 0.26732565723225343
17.35 0.26773771734319163
17.36 0.26831399594128563
17.37 0.26915784956993866
17.38 0.2704730919826303
17.39 0.27269671235845755
17.4 0.27677434233595377
17.41 0.2837938362703017
17.42 0.2905159741232129
17.43 0.2925711251588834
17.44 0.29219151339744426
17.45 0.2912953786295367
17.46 0.2904000136102547
17.47 0.28957929073272615
17.48 0.2888170350715857
17.49 0.2880917165018351
17.5 0.2873901731359722
17.51 0.286706236051061
17.52 0.28603767857518747
17.53 0.28538403201389684
17.54 0.2847453453511138
17.55 0.2841215722976385
17.56 0.2835123055323915
17.57 0.2829166648332747
17.58 0.28233321695402824
17.59 0.2817598515634211
17.6 0.28119355423887776
17.61 0.2806299995361959
17.62 0.28006282228393836
17.63 0.27948227239671924
17.64 0.278872596955247
17.65 0.27820657176139035
17.66 0.2774330418041528
17.67 0.27644571937123064
17.68 0.2750013668864219
17.69 0.27257788819379764
17.7 0.26882685803205647
17.71 0.26476734737047997
17.72 0.26150216686287975
17.73 0.25922074594823985
17.74 0.25768292123996156
17.75 0.2566332481281245
17.76 0.25589383373661884
17.77 0.2553552319588345
17.78 0.2549534163960943
17.79 0.2546520790948935
17.8 0.25443152928243756
17.81 0.2542822617744952
17.82 0.2542014194694243
17.83 0.2541909959921903
17.84 0.2542571217556463
17.85 0.2544101082481993
17.86 0.25466515250821914
17.87 0.255043793055944
17.88 0.2555764271089721
17.89 0.2563065399496543
17.9 0.25729793640453247
17.91 0.2586475924800342
17.92 0.26050972029447655
17.93 0.26314377196481353
17.94 0.26701720383855526
17.95 0.2730395567763309
17.96 0.2830795365922145
17.97 0.3003788087820732
17.98 0.3233572349400541
17.99 0.3350367530561828
18.0 0.3327333494302073
18.01 0.32545446658218163
18.02 0.3174646991916934
18.03 0.3100575246471895
18.04 0.30355515761969065
18.05 0.2979776393426593
18.06 0.29325026015609795
18.07 0.28927184870220113
18.08 0.2859391291242704
18.09 0.28315583702927916
18.1 0.28083594137232265
18.11 0.2789043657208486
18.12 0.27729659555503033
18.13 0.2759577957508722
18.14 0.2748417380799152
18.15 0.273909691165424
18.16 0.2731293540890721
18.17 0.2724738756306685
18.18 0.27192097603770493
18.19 0.27145217060234234
18.2 0.27105208011947735
18.21 0.2707077965104559
18.22 0.27040823892140115
18.23 0.2701433469577168
18.24 0.2699026788467464
18.25 0.269672082163713
18.26 0.2694263415211317
18.27 0.26913749133461085
18.28 0.2688481643103338
18.29 0.26863359158440736
18.3 0.26849634849902126
18.31 0.2684100562483711
18.32 0.2683520968346724
18.33 0.2683083293048403
18.34 0.26827087880766615
18.35 0.2682356662779787
18.36 0.2682007602195833
18.37 0.2681654123414904
18.38 0.2681295212308718
18.39 0.26809334657506717
18.4 0.26805737091948956
18.41 0.26802225059291573
18.42 0.26798882320172845
18.43 0.2679581579788364
18.44 0.26793165259636903
18.45 0.2679111987587097
18.46 0.2678994655405862
18.47 0.26790039909008306
18.48 0.2679201439540704
18.49 0.2679688384942272
18.5 0.26806434419325414
18.51 0.26824050122794774
18.52 0.2685658624358307
18.53 0.2691765180156602
18.54 0.27019314033972835
18.55 0.27095556635447743
18.56 0.2705821628273681
18.57 0.2697172734491242
18.58 0.2689114648734654
18.59 0.26828774983642956
18.6 0.26782992692072105
18.61 0.2674967326769763
18.62 0.26725122949683844
18.63 0.26706586836861435
18.64 0.2669214407992354
18.65 0.2668049432294936
18.66 0.26670766179440186
18.67 0.2666237377060608
18.68 0.2665491803931326
18.69 0.2664812220005511
18.7 0.26641790246013974
18.71 0.2663577961904544
18.72 0.26629982050661516
18.73 0.2662430890960756
18.74 0.2661867862427883
18.75 0.26613003936619745
18.76 0.2660717590040886
18.77 0.2660103900083187
18.78 0.2659434508870629
18.79 0.265866549657244
18.8 0.26577097187744064
18.81 0.2656369273834566
18.82 0.2654149368023059
18.83 0.26501848002653977
18.84 0.2644700093162845
18.85 0.263951532024458
18.86 0.26356002540630624
18.87 0.2632894707594249
18.88 0.26310899284667577
18.89 0.2629910774436509
18.9 0.2629162077118326
18.91 0.2628716535391614
18.92 0.26284950555126
18.93 0.26284509746227264
18.94 0.2628559340696516
18.95 0.2628810242222282
18.96 0.2629205064654239
18.97 0.26297548677853394
18.98 0.2630480433701247
18.99 0.26314138815799537
19.0 0.26326021324829196
19.01 0.26341130374049004
19.02 0.2636045865264206
19.03 0.26385495453990526
19.04 0.2641855648523949
19.05 0.2646341275552156
19.06 0.26526571078538574
19.07 0.26620087840160656
19.08 0.26768253116418617
19.09 0.27023974173482834
19.1 0.274968783544859
19.11 0.28246457584226603
19.12 0.2881032197660081
19.13 0.2892665716656318
19.14 0.2886653880851091
19.15 0.2877593939247856
19.16 0.2868918646458785
19.17 0.286097464173709
19.18 0.28535541211224297
19.19 0.28464609478227065
19.2 0.28395841195575566
19.21 0.2832874363618713
19.22 0.28263152402919695
19.23 0.28199040288900595
19.24 0.2813641274667777
19.25 0.28075257743610166
19.26 0.28015524350089643
19.27 0.27957112967161923
19.28 0.2789986659428237
19.29 0.27843556373187867
19.3 0.27787855423213276
19.31 0.27732292193558217
19.32 0.27676166517500206
19.33 0.2761839286391834
19.34 0.2755719035247396
19.35 0.2748942208290881
19.36 0.2740905419284684
19.37 0.27303216433587985
19.38 0.2714208736892485
19.39 0.26868006710971676
19.4 0.2647439341674553
19.41 0.26084002661454475
19.42 0.2578496580774976
19.43 0.2557946482991917
19.44 0.2544109012579494
19.45 0.2534614388763396
19.46 0.25278822039460347
19.47 0.25229558489950565
19.48 0.25192802524688884
19.49 0.25165432387156583
19.5 0.25145785446817154
19.51 0.2513310383744524
19.52 0.2512723393735392
19.53 0.2512847881925071
19.54 0.251375478579704
19.55 0.25155577464440304
19.56 0.25184217975758294
19.57 0.2522580060143928
19.58 0.2528362200622232
19.59 0.2536242320566585
19.6 0.25469214990810873
19.61 0.25614762230211247
19.62 0.25816404328233733
19.63 0.2610377789606683
19.64 0.2653128217813732
19.65 0.27206702500010044
19.66 0.283507381253813
19.67 0.3028315821294443
19.68 0.32465895154968427
19.69 0.33208520079130177
19.7 0.32789254261441225
19.71 0.32025687400762676
19.72 0.3123957336224772
19.73 0.3052438491650734
19.74 0.2990127158434015
19.75 0.2936879517926965
19.76 0.289184947054809
19.77 0.2854011449966111
19.78 0.2822350121918804
19.79 0.27959314071092123
19.8 0.2773926405901697
19.81 0.2755614980297922
19.82 0.2740380229056238
19.83 0.2727699018834504
19.84 0.271713109526567
19.85 0.2708308076818035
19.86 0.27009230244068894
19.87 0.26947209303955216
19.88 0.2689490242949009
19.89 0.26850553798181204
19.9 0.2681270046386505
19.91 0.2678010984561227
19.92 0.26751713692878076
19.93 0.2672651912353202
19.94 0.26703440018625413
19.95 0.266808784652335
19.96 0.26655983399880256
19.97 0.26626883893231656
19.98 0.2659996491724174
19.99 0.26581157813540446
20.0 0.26569460450451005
20.01 0.2656219785042288
20.02 0.26557333153281987
20.03 0.265536396164417
20.04 0.2655044693640446
20.05 0.26547413976263307
20.06 0.26544384147960176
20.07 0.26541302244773624
20.08 0.2653816866814393
20.09 0.265350154327206
20.1 0.2653189502342604
20.11 0.2652887706495461
20.12 0.26526050101131143
20.13 0.2652352758571306
20.14 0.26521458886103766
20.15 0.2652004805473336
20.16 0.26519586147735125
20.17 0.2652050878377566
20.18 0.2652350361645417
20.19 0.2652972295030326
20.2 0.2654123265216848
20.21 0.2656201868591718
20.22 0.2660023696201407
20.23 0.2667121025428084
20.24 0.2677790360988154
20.25 0.268280487936304
20.26 0.267709813664511
20.27 0.26683989767245786
20.28 0.2660846298794898
20.29 0.2655125999603863
20.3 0.2650959478630939
20.31 0.2647934571541776
20.32 0.264570607916474
20.33 0.26440221340972586
20.34 0.26427087077659367
20.35 0.26416483754595527
20.36 0.26407624343495745
20.37 0.26399978451015244
20.38 0.26393183673352855
20.39 0.263869878523839
20.4 0.26381211731120907
20.41 0.26375723997168954
20.42 0.2637042346985058
20.43 0.26365225186064445
20.44 0.2636004806947148
20.45 0.26354801817693074
20.46 0.26349369501672804
20.47 0.263435791803519
20.48 0.263371493229266
20.49 0.2632956819604174
20.5 0.26319787861638133
20.51 0.26305346947930375
20.52 0.2628018526016326
20.53 0.26236323713133125
20.54 0.2618118619352944
20.55 0.2613280794729299
20.56 0.26097485069312465
20.57 0.26073489692992774
20.58 0.2605771208879447
20.59 0.26047606602431067
20.6 0.26041416155027297
20.61 0.2603800989034075
20.62 0.2603669293407774
20.63 0.2603706229666449
20.64 0.2603891135152516
20.65 0.2604217164640298
20.66 0.2604688149199909
20.67 0.26053174194177126
20.68 0.2606128231231452
20.69 0.2607155781285137
20.7 0.26084512059301646
20.71 0.2610088545677183
20.72 0.26121766780578887
20.73 0.2614880238730548
20.74 0.2618457898953394
20.75 0.26233364637720297
20.76 0.26302644802465375
20.77 0.26406565276747823
20.78 0.2657424283582677
20.79 0.2686973736339606
20.8 0.2741461281959004
20.81 0.2817867335701742
20.82 0.28618299371958605
20.83 0.2866691654124804
20.84 0.28592912607235965
20.85 0.28502912111087864
20.86 0.284188829103114
20.87 0.2834176060132718
20.88 0.28269295429187724
20.89 0.2819974390102658
20.9 0.2813218163654886
20.91 0.28066220553165977
20.92 0.2800174269708418
20.93 0.27938734664432036
20.94 0.2787720006763696
20.95 0.278171186788949
20.96 0.2775842903325291
20.97 0.277010194639821
20.98 0.2764471834446904
20.99 0.2758927732427807
21.0 0.27534341254198297
21.01 0.2747939465607345
21.02 0.2742366471795968
21.03 0.27365937856257777
21.04 0.2730419072320673
21.05 0.27234787043860553
21.06 0.2715055936707591
21.07 0.2703582189532741
21.08 0.26854230487042946
21.09 0.26547123935814865
21.1 0.2614366710050587
21.11 0.2577386250596603
21.12 0.2550150052483735
21.13 0.2531645905475999
21.14 0.25191707609767483
21.15 0.25105584409356785
21.16 0.25044115786466775
21.17 0.24998955003591342
21.18 0.24965295102864743
21.19 0.249404582631211
21.2 0.24923051236547863
21.21 0.2491248864685901
21.22 0.24908738886688375
21.23 0.24912204981216032
21.24 0.24923693394107005
21.25 0.2494445062046269
21.26 0.24976267234963706
21.27 0.2502166829566487
21.28 0.2508423512307914
21.29 0.2516914874370122
21.3 0.25284135121372664
21.31 0.25441186342243316
21.32 0.2565988166967564
21.33 0.25974244219424913
21.34 0.26447926233152336
21.35 0.2720911785786467
21.36 0.28515144292142575
21.37 0.30627363482476133
21.38 0.32562450179913854
21.39 0.3292112687324155
21.4 0.3236614037860603
21.41 0.31584452886788095
21.42 0.3081552651473877
21.43 0.30126167639345997
21.44 0.29529282673514706
21.45 0.2902087599758031
21.46 0.2859179094891646
21.47 0.28231734857267266
21.48 0.2793076089335493
21.49 0.27679818979210624
21.5 0.2747092802801843
21.51 0.2729718213758383
21.52 0.2715268238890307
21.53 0.27032437192054165
21.54 0.26932252525489925
21.55 0.2684862321654652
21.56 0.267786311365289
21.57 0.267198530581985
21.58 0.26670278857969876
21.59 0.26628239244597146
21.6 0.26592340786841545
21.61 0.2656140382878992
21.62 0.26534393703676623
21.63 0.2651032041907814
21.64 0.2648803202654734
21.65 0.2646569361659613
21.66 0.2644021215230742
21.67 0.2641126011373538
21.68 0.2638662303997701
21.69 0.2637025436385611
21.7 0.26360306440517123
21.71 0.2635418960138278
21.72 0.2635009153523849
21.73 0.2634695323831592
21.74 0.2634420606276967
21.75 0.2634156610092167
21.76 0.26338907961532876
21.77 0.26336193203269465
21.78 0.2633343135910366
21.79 0.26330659897480674
21.8 0.26327935394687496
21.81 0.2632533159155622
21.82 0.2632294215208455
21.83 0.26320887673055254
21.84 0.263193281831545
21.85 0.2631848446213058
21.86 0.2631867500437429
21.87 0.26320382545072446
21.88 0.26324379939526366
21.89 0.2633198310375777
21.9 0.2634559379460287
21.91 0.26369928585805724
21.92 0.2641467162050893
21.93 0.2649619094533856
21.94 0.26601532039500997
21.95 0.266220171227295
21.96 0.2655117653704652
21.97 0.2646588247730683
21.98 0.2639554675389785
21.99 0.26343154885544573
22.0 0.2630521219020352
22.01 0.2627770250157098
22.02 0.2625742177004098
22.03 0.2624207274322245
22.04 0.2623007970843723
22.05 0.2622038200134375
22.06 0.26212268238630304
22.07 0.2620525780799479
22.08 0.2619902128674686
22.09 0.26193328699829116
22.1 0.26188015797373865
22.11 0.2618296118379932
22.12 0.261780696973931
22.13 0.26173259121426534
22.14 0.26168447967129194
22.15 0.2616354178720158
22.16 0.2615841399020562
22.17 0.261528731023995
22.18 0.2614659751525883
22.19 0.26138986328660285
22.2 0.26128767740379805
22.21 0.2611286256789989
22.22 0.260840715371686
22.23 0.2603641001278587
22.24 0.25982141649147106
22.25 0.2593742982602009
22.26 0.2590567093358834
22.27 0.25884425063481825
22.28 0.25870660112115224
22.29 0.2586204109765342
22.3 0.2585699148824695
22.31 0.258545087740564
22.32 0.2585398410460741
22.33 0.2585507158271872
22.34 0.25857603514951455
22.35 0.258615399585166
22.36 0.25866942809773824
22.37 0.2587396821670784
22.38 0.25882874571825254
22.39 0.2589404688173674
22.4 0.25908042654290864
22.41 0.25925671042398607
22.42 0.259481288899274
22.43 0.2597724142301497
22.44 0.26015908270616905
22.45 0.26068980654653684
22.46 0.2614511394540895
22.47 0.2626100276995134
22.48 0.26451731635645814
22.49 0.26794518588190597
22.5 0.27413622956998257
22.51 0.2814978755640407
22.52 0.2846658580709374
22.53 0.28466220831254013
22.54 0.2838412036072412
22.55 0.28295661606408545
22.56 0.28214207221360116
22.57 0.2813912229056205
22.58 0.2806816738859035
22.59 0.2799982208820617
22.6 0.279333258750552
22.61 0.27868377832950747
22.62 0.278048963869594
22.63 0.27742877103189
22.64 0.276823198235874
22.65 0.2762319546514392
22.66 0.2756543166469451
22.67 0.2750890411363043
22.68 0.2745342549075123
22.69 0.2739872609582508
22.7 0.27344419325318337
22.71 0.27289940143789426
22.72 0.27234432617761223
22.73 0.27176534296987265
22.74 0.27113934607470197
22.75 0.2704239231744789
22.76 0.26953332887453957
22.77 0.2682753827160412
22.78 0.2662137719128143
22.79 0.26282799746046687
22.8 0.2587833303540923
22.81 0.2553245729107522
22.82 0.2528539029793101
22.83 0.2511873668548457
22.84 0.25006036704027074
22.85 0.2492770929701831
22.86 0.24871446498399272
22.87 0.24829976786507174
22.88 0.24799142826613124
22.89 0.24776654996109457
22.9 0.2476135803144072
22.91 0.24752822216668033
22.92 0.2475112988051294
22.93 0.24756781539168893
22.94 0.24770682508595876
22.95 0.2479419521605539
22.96 0.24829261427573196
22.97 0.24878618647185488
22.98 0.2494616420512475
22.99 0.2503757341897468
23.0 0.2516138563826643
23.01 0.2533100824411158
23.02 0.25568645472660323
23.03 0.25913554339631945
23.04 0.2644060659010995
23.05 0.2730253921231846
23.06 0.2879189269879298
23.07 0.3102578414581162
23.08 0.3260679896818405
23.09 0.32645031134080904
23.1 0.3199625953647589
23.11 0.3120925790922305
23.12 0.3046049633640142
23.13 0.29796965466141956
23.14 0.29225421891699477
23.15 0.2873997807004643
23.16 0.2833100737187947
23.17 0.2798825886983629
23.18 0.2770201683005685
23.19 0.27463524681882967
23.2 0.2726510286470812
23.21 0.2710013081901634
23.22 0.26962968348394484
23.23 0.26848852253401384
23.24 0.2675378636144563
23.25 0.2667443448585388
23.26 0.2660802124511208
23.27 0.2655224286929054
23.28 0.2650518824491188
23.29 0.26465269038628947
23.3 0.2643115626162401
23.31 0.2640171802882284
23.32 0.2637594663630547
23.33 0.26352842861302184
23.34 0.2633115884608953
23.35 0.2630876791771124
23.36 0.262825492339744
23.37 0.26254252228040903
23.38 0.26232026407738307
23.39 0.26217865694981474
23.4 0.2620942307827956
23.41 0.2620426836358206
23.42 0.2620080406555091
23.43 0.2619811986871897
23.44 0.2619573505415979
23.45 0.26193414747183663
23.46 0.26191060203650696
23.47 0.2618864735072632
23.48 0.2618619369050625
23.49 0.26183741680632383
23.5 0.2618135191475004
23.51 0.2617910241901651
23.52 0.2617709236939976
23.53 0.26175450206094053
23.54 0.26174347829842404
23.55 0.26174024860854617
23.56 0.2617483103167443
23.57 0.261773033464956
23.58 0.2618231413109328
23.59 0.26191373317064504
23.6 0.2620728737848987
23.61 0.26235658852908317
23.62 0.26287908212104555
23.63 0.26379836747723084
23.64 0.26475516895952383
23.65 0.26466785244203206
23.66 0.2638747156826759
23.67 0.26305340240530634
23.68 0.26240155530375603
23.69 0.2619221583914576
23.7 0.26157639620182693
23.71 0.26132580598723426
23.72 0.26114080614773544
23.73 0.26100048326802405
23.74 0.26089057661399606
23.75 0.26080150222548587
23.76 0.2607268251081173
23.77 0.26066218630297966
23.78 0.2606045885748174
23.79 0.2605519318894823
23.8 0.2605027079070268
23.81 0.26045578965942545
23.82 0.26041027584712545
23.83 0.2603653630262886
23.84 0.26032022310801284
23.85 0.26027385838973577
23.86 0.26022488725270587
23.87 0.26017116274658275
23.88 0.26010898553378914
23.89 0.26003124263113314
23.9 0.2599223567837363
23.91 0.25974373884117613
23.92 0.25941407134419775
23.93 0.25890752427675284
23.94 0.25838343724917634
23.95 0.2579734212472781
23.96 0.25768876687641284
23.97 0.25750102957028476
23.98 0.25738129774867546
23.99 0.25730829941806316
