0 42.76541115864479
0.01 16.030925960301584
0.02 6.322182402391075
0.03 2.8339091525155884
0.04 1.5839240105872685
0.05 1.13358095881621
0.06 0.9686651651466378
0.07 0.9062421518205875
0.08 0.8811685968151666
0.09 0.870062561760104
0.1 0.8643815679802306
0.11 0.8608987706419605
0.12 0.8583081840763783
0.13 0.8559570074521331
0.14 0.8534098468010193
0.15 0.8507301986668395
0.16 0.8482436937744336
0.17 0.8459949089973225
0.18 0.8439087518263572
0.19 0.841912029745784
0.2 0.8399548783339278
0.21 0.8380077532187624
0.22 0.8360552633619073
0.23 0.8340910953981935
0.24 0.8321145229765017
0.25 0.8301283453101596
0.26 0.8281380200110999
0.27 0.8261517229778961
0.28 0.8241811376046954
0.29 0.8222430265291996
0.3 0.8203620655869117
0.31 0.818576139456014
0.32 0.8169468399286693
0.33 0.8155818486068763
0.34 0.8146871556244436
0.35 0.8147022563545468
0.36 0.8166785737195851
0.37 0.8230718535350632
0.38 0.8345088220909286
0.39 0.8395183895492498
0.4 0.83716549115698
0.41 0.8330631520748882
0.42 0.8289252140361754
0.43 0.8249841159556954
0.44 0.8211912755111846
0.45 0.8174861079098212
0.46 0.8138360052076177
0.47 0.8102302577677445
0.48 0.8066685704427453
0.49 0.8031525202432827
0.5 0.7996813224927939
0.51 0.7962511027578507
0.52 0.7928558364141581
0.53 0.789488262925973
0.54 0.7861399179682202
0.55 0.7828000392873777
0.56 0.7794530762056129
0.57 0.7760737767146741
0.58 0.7726167580932264
0.59 0.7689914272331838
0.6 0.7649929010816279
0.61 0.7600956230350233
0.62 0.7531225217443003
0.63 0.7440169797121743
0.64 0.7353211694991552
0.65 0.7284471895510212
0.66 0.7232006169403534
0.67 0.7190441612609494
0.68 0.7155678296254225
0.69 0.7125192565668325
0.7 0.7097551425632418
0.71 0.7071983318228062
0.72 0.7048103748479453
0.73 0.702575860345842
0.74 0.700494297024444
0.75 0.6985767305585032
0.76 0.6968455153469935
0.77 0.6953366467390166
0.78 0.6941050330060723
0.79 0.6932343615030913
0.8 0.6928554694211195
0.81 0.6931821107301523
0.82 0.6945855662056417
0.83 0.6977644222871645
0.84 0.7041692935211972
0.85 0.7171082234862133
0.86 0.7432586979539872
0.87 0.7785099402008234
0.88 0.7895774208609987
0.89 0.7806752227467281
0.9 0.7668764109655806
0.91 0.7531539184370082
0.92 0.7407168295398734
0.93 0.7297551471054058
0.94 0.7201834447774532
0.95 0.711846879045541
0.96 0.7045820269815989
0.97 0.6982351714908756
0.98 0.6926673103701916
0.99 0.6877552230343488
1.0 0.6833915094420258
1.01 0.6794841308884102
1.02 0.6759553860516071
1.03 0.6727403940009132
1.04 0.6697853257589339
1.05 0.6670456185775785
1.06 0.6644842958080898
1.07 0.6620703814375931
1.08 0.6597772227417273
1.09 0.6575801040668714
1.1 0.655450941710919
1.11 0.6533437543681739
1.12 0.6511976712663087
1.13 0.6490823735696394
1.14 0.6471244370306009
1.15 0.64531036255265
1.16 0.6435898117188066
1.17 0.6419254999122278
1.18 0.6402959066509669
1.19 0.6386900640218359
1.2 0.6371031169032857
1.21 0.6355333932707817
1.22 0.6339806011209059
1.23 0.6324448983980117
1.24 0.6309266503007624
1.25 0.6294266077681446
1.26 0.6279462507392508
1.27 0.6264881994497048
1.28 0.6250567917549711
1.29 0.623659112073326
1.3 0.6223070635692788
1.31 0.6210218517988103
1.32 0.6198444628443028
1.33 0.6188621885854968
1.34 0.6182748434156478
1.35 0.618426100442249
1.36 0.6186170195454973
1.37 0.6169039065367586
1.38 0.6143041522838191
1.39 0.6118165375044992
1.4 0.6096248892541789
1.41 0.6076877427811106
1.42 0.6059343441277413
1.43 0.6043079240092024
1.44 0.602770464658094
1.45 0.6012983639529754
1.46 0.5998769049742151
1.47 0.5984959858976189
1.48 0.5971477353699068
1.49 0.5958256437965105
1.5 0.5945244167669532
1.51 0.5932399215430365
1.52 0.5919689836483634
1.53 0.5907090365756634
1.54 0.5894576669759347
1.55 0.5882120088487254
1.56 0.5869677378256201
1.57 0.5857168778989689
1.58 0.5844416910195046
1.59 0.5830941385336834
1.6 0.5815481180650836
1.61 0.5797282176077934
1.62 0.5778847730740351
1.63 0.5762269605590734
1.64 0.5747602614713445
1.65 0.5734370099719085
1.66 0.5722141630888271
1.67 0.5710620440639292
1.68 0.5699622031604473
1.69 0.5689040355149836
1.7 0.5678821078968119
1.71 0.5668944114841199
1.72 0.5659414279708627
1.73 0.5650258561812764
1.74 0.5641528779583629
1.75 0.5633309548016585
1.76 0.56257336006686
1.77 0.5619010117810599
1.78 0.5613478857373783
1.79 0.560971983104603
1.8 0.5608793562297905
1.81 0.561282071700488
1.82 0.5626534605405762
1.83 0.5661583849795568
1.84 0.5741191341748831
1.85 0.5839623324681796
1.86 0.5865220504441991
1.87 0.5849164425886852
1.88 0.5826126126195296
1.89 0.5804066099697898
1.9 0.5783625030563595
1.91 0.5764279933054482
1.92 0.5745589584830215
1.93 0.5727324804594607
1.94 0.5709397501093311
1.95 0.5691783652563853
1.96 0.567447411664675
1.97 0.5657452422264551
1.98 0.5640689765834698
1.99 0.5624146111485478
2.0 0.5607769735958333
2.01 0.5591491635371673
2.02 0.5575212459555644
2.03 0.5558776872146043
2.04 0.5541921395493575
2.05 0.5524157372641209
2.06 0.5504474329405129
2.07 0.5480486294074387
2.08 0.5445979343362384
2.09 0.5390487191568223
2.1 0.5322860262708606
2.11 0.5264605648111321
2.12 0.5222184336046406
2.13 0.5192065053448904
2.14 0.5169880410059691
2.15 0.5152614821420577
2.16 0.5138471014882726
2.17 0.5126443966278
2.18 0.5116000831244616
2.19 0.5106886437254072
2.2 0.5099015951958064
2.21 0.5092421973878862
2.22 0.5087235855533131
2.23 0.5083693219407787
2.24 0.5082161932992223
2.25 0.5083199531061621
2.26 0.508765993427932
2.27 0.5096894600069893
2.28 0.5113152327681695
2.29 0.5140436182092063
2.3 0.518651655635869
2.31 0.5268104162519395
2.32 0.5423686747412372
2.33 0.5711916694743276
2.34 0.5989712452812054
2.35 0.6019406984554588
2.36 0.592841529598688
2.37 0.5815378696933537
2.38 0.5708223021101363
2.39 0.5613288949648011
2.4 0.5531098991938515
2.41 0.546060014351697
2.42 0.5400369053621715
2.43 0.5348978053014595
2.44 0.5305108511561301
2.45 0.526758286698088
2.46 0.5235370103109369
2.47 0.520758172125631
2.48 0.5183462461915308
2.49 0.5162377223567423
2.5 0.514379586267629
2.51 0.5127277608359555
2.52 0.5112456206923727
2.53 0.5099026039126406
2.54 0.5086728416299743
2.55 0.5075335270755644
2.56 0.5064621112286685
2.57 0.5054290594220568
2.58 0.5043825370964623
2.59 0.5032894515849511
2.6 0.5022677079323746
2.61 0.5013902791865092
2.62 0.5006224480385161
2.63 0.49991982175388755
2.64 0.4992530940422142
2.65 0.49860600310914577
2.66 0.4979704030312523
2.67 0.49734269118132424
2.68 0.4967216109781253
2.69 0.4961070051203155
2.7 0.49549923541012764
2.71 0.4948990541591615
2.72 0.49430772712687393
2.73 0.4937272827009927
2.74 0.4931608901342169
2.75 0.4926135057406011
2.76 0.49209310607173146
2.77 0.49161321666688096
2.78 0.4911984854249869
2.79 0.49089804636552903
2.8 0.490819914095541
2.81 0.49120818729224314
2.82 0.4923016433986145
2.83 0.4927020433402334
2.84 0.4913578875614249
2.85 0.48961039098781245
2.86 0.48806852053643235
2.87 0.486796504183298
2.88 0.48573749738389316
2.89 0.4848277868554328
2.9 0.4840194277023899
2.91 0.4832805436923348
2.92 0.4825908779210587
2.93 0.4819373487749329
2.94 0.4813109188128037
2.95 0.480704870059642
2.96 0.4801140378688299
2.97 0.4795344637442624
2.98 0.478963129010357
2.99 0.4783976560639639
3.0 0.47783596453558963
3.01 0.477275856927903
3.02 0.4767144168914972
3.03 0.4761468731564064
3.04 0.47556385321646755
3.05 0.4749430904123729
3.06 0.47422117230454197
3.07 0.47326194382023873
3.08 0.4720863736393159
3.09 0.47097241849840865
3.1 0.4700413930649274
3.11 0.4692707349851354
3.12 0.4686149435532089
3.13 0.46803783786650205
3.14 0.467515438008499
3.15 0.46703315400329
3.16 0.46658279603916575
3.17 0.46616040762282
3.18 0.4657649360208173
3.19 0.4653975884264403
3.2 0.4650617333026198
3.21 0.4647632776740592
3.22 0.46451158712434115
3.23 0.4643212401402737
3.24 0.46421531427519913
3.25 0.4642317803657311
3.26 0.4644367677759177
3.27 0.46495450970659624
3.28 0.4660421734051565
3.29 0.46829609830231717
3.3 0.4731853218798049
3.31 0.48263720939504773
3.32 0.4905236678727197
3.33 0.4914824989976672
3.34 0.49002547473807984
3.35 0.48831617616030737
3.36 0.4867474584971606
3.37 0.48531480107360103
3.38 0.48396688980249924
3.39 0.4826685487747211
3.4 0.48140255177181734
3.41 0.48016226301823395
3.42 0.47894555384266646
3.43 0.4777513037837684
3.44 0.47657790767706093
3.45 0.4754228614022533
3.46 0.47428263265674725
3.47 0.47315234198698486
3.48 0.47202499530642555
3.49 0.4708899609040657
3.5 0.4697299739877122
3.51 0.46851481103776516
3.52 0.4671864708581777
3.53 0.46561988351659334
3.54 0.46350625953041646
3.55 0.4600647703584858
3.56 0.4545843546847683
3.57 0.4486966823487463
3.58 0.44407114105498985
3.59 0.44086942976504523
3.6 0.43867792746031375
3.61 0.43712244515307414
3.62 0.43596132513277425
3.63 0.43505411852476356
3.64 0.43432349642730983
3.65 0.4337293700171074
3.66 0.4332537602683812
3.67 0.4328927123076595
3.68 0.4326525531480448
3.69 0.43254894380653286
3.7 0.4326080707056916
3.71 0.4328700883028714
3.72 0.4333958183251639
3.73 0.4342791908662874
3.74 0.43567104442095667
3.75 0.4378275294101685
3.76 0.44121691654616657
3.77 0.44677870562608507
3.78 0.4566008885638108
3.79 0.47536695985440064
3.8 0.506154379682775
3.81 0.5253212368416903
3.82 0.5229133438084871
3.83 0.5133449681106166
3.84 0.5029902383544408
3.85 0.49350463479062123
3.86 0.485222713318539
3.87 0.47812146808325
3.88 0.4720823867187868
3.89 0.46696784153094023
3.9 0.4626448188772716
3.91 0.45899232791789035
3.92 0.4559033835373246
3.93 0.4532850866513217
3.94 0.45105791867494044
3.95 0.44915459903969057
3.96 0.44751869071555783
3.97 0.44610311828054133
3.98 0.44486872257847565
3.99 0.44378290930617725
4.0 0.4428183738784858
4.01 0.4419517789292807
4.02 0.4411619975558801
4.03 0.4404265973792103
4.04 0.43971211972251006
4.05 0.4389633526715152
4.06 0.4381899590395932
4.07 0.4375229081139558
4.08 0.43698580081479316
4.09 0.43653619131969906
4.1 0.43613612698099113
4.11 0.43576236021854287
4.12 0.43540238300324907
4.13 0.4350500569836852
4.14 0.43470272872449844
4.15 0.4343595343733822
4.16 0.43402049169708823
4.17 0.4336861162865531
4.18 0.433357365542146
4.19 0.43303576315106
4.2 0.4327236449882469
4.21 0.4324245766005376
4.22 0.4321441166365744
4.23 0.4318913134571279
4.24 0.43168183680073896
4.25 0.43154505916620567
4.26 0.4315415129905711
4.27 0.4318078832753519
4.28 0.43263194303274105
4.29 0.4339490099861604
4.3 0.4339193869363093
4.31 0.43259653437938017
4.32 0.43118294257294615
4.33 0.43001412655893045
4.34 0.42908937551664283
4.35 0.42834697750845246
4.36 0.42773020843732656
4.37 0.4271982944707211
4.38 0.4267243738135699
4.39 0.4262911849132693
4.4 0.4258873629163803
4.41 0.42550499678418974
4.42 0.4251382950929223
4.43 0.4247829239335288
4.44 0.4244356239333546
4.45 0.42409389720213664
4.46 0.42375569571012095
4.47 0.42341908384609056
4.48 0.4230818133105482
4.49 0.4227406376570478
4.5 0.422389880880434
4.51 0.4220176823526424
4.52 0.42159388397833536
4.53 0.42103222921945965
4.54 0.4202108272247486
4.55 0.41926180333919216
4.56 0.41843638919823106
4.57 0.41778617343539526
4.58 0.4172745918741166
4.59 0.4168595892567899
4.6 0.4165104041603312
4.61 0.4162072852484908
4.62 0.41593847598821315
4.63 0.4156975854601245
4.64 0.41548180549315017
4.65 0.4152908825034668
4.66 0.41512668587219553
4.67 0.41499325824192834
4.68 0.4148973267913457
4.69 0.4148494074994002
4.7 0.4148658883706108
4.71 0.41497297233415475
4.72 0.41521449657227605
4.73 0.4156685794469627
4.74 0.4164864310807956
4.75 0.41799284208766563
4.76 0.42096766947461023
4.77 0.42723741342889326
4.78 0.4372876684107414
4.79 0.44261506215435664
4.8 0.4424903295487797
4.81 0.4410656896052702
4.82 0.43961496190960986
4.83 0.4383136580065705
4.84 0.437126864092065
4.85 0.43600825148092137
4.86 0.4349299300687358
4.87 0.4338789511566967
4.88 0.4328503912067989
4.89 0.43184248713479095
4.9 0.43085405370246593
4.91 0.42988342395282053
4.92 0.42892809376955093
4.93 0.42798447686174784
4.94 0.4270474314589135
4.95 0.4261093137988947
4.96 0.42515815391578665
4.97 0.42417398937733986
4.98 0.42312084659732835
4.99 0.42192717343967706
5.0 0.4204316657455724
5.01 0.41822106596048636
5.02 0.4143686489248972
5.03 0.40882164710963215
5.04 0.4035703394038257
5.05 0.3997257061147168
5.06 0.3971409964245462
5.07 0.395399070564301
5.08 0.3941808917941637
5.09 0.3932897652845755
5.1 0.3926136362892228
5.11 0.3920917883554678
5.12 0.3916936912628743
5.13 0.3914070266775615
5.14 0.39123151181238147
5.15 0.3911762988479991
5.16 0.3912597716230557
5.17 0.3915113674033175
5.18 0.39197579839134566
5.19 0.3927210309923305
5.2 0.3938531829716268
5.21 0.3955455332407884
5.22 0.3980990255200783
5.23 0.40207994231296446
5.24 0.40866436909628856
5.25 0.42053518485823765
5.26 0.4431136885770524
5.27 0.4731035035943077
5.28 0.483538032899074
5.29 0.47778078323657114
5.3 0.468029400906703
5.31 0.4583157362194083
5.32 0.44962389821846827
5.33 0.4421110610918232
5.34 0.4357093921509503
5.35 0.4302931261706223
5.36 0.4257285648817966
5.37 0.42188989143811834
5.38 0.41866405954125213
5.39 0.4159519181911443
5.4 0.4136679245418381
5.41 0.411739220756877
5.42 0.41010436981288234
5.43 0.40871193430104474
5.44 0.40751904012308565
5.45 0.406490011947455
5.46 0.40559510357957296
5.47 0.40480927413525125
5.48 0.404110832130592
5.49 0.40347938830081537
5.5 0.4028911250513575
5.51 0.40230620161150005
5.52 0.4016740641960543
5.53 0.4010577980099034
5.54 0.40056704404519977
5.55 0.4001902920451119
5.56 0.39988430575681994
5.57 0.3996170606962283
5.58 0.3993699534635935
5.59 0.3991332337152376
5.6 0.39890222544268833
5.61 0.3986749831314534
5.62 0.3984509653212462
5.63 0.39823036233879233
5.64 0.39801384233327763
5.65 0.3978025468311306
5.66 0.39759823256555527
5.67 0.3974035452596726
5.68 0.39722251072610965
5.69 0.3970614620335658
5.7 0.39693089426313
5.71 0.3968494360418078
5.72 0.39685308708919204
5.73 0.39701856976235117
5.74 0.39752161525481633
5.75 0.39866475259150774
5.76 0.3998345785450393
5.77 0.39932232044483856
5.78 0.39802165004637985
5.79 0.3968117010276208
5.8 0.3958559711199899
5.81 0.39511972056837574
5.82 0.39454159495120417
5.83 0.3940712517643278
5.84 0.3936736426396398
5.85 0.3933258094532705
5.86 0.39301285889342
5.87 0.39272484319774564
5.88 0.3924547979235943
5.89 0.3921976647883957
5.9 0.39194970629514686
5.91 0.3917081216074641
5.92 0.39147072507376807
5.93 0.39123563592509836
5.94 0.3910009371441483
5.95 0.390764210474364
5.96 0.39052170868460373
5.97 0.39026647488731614
5.98 0.38998302993932293
5.99 0.38962940799599743
6.0 0.3890947182444164
6.01 0.3883101971516297
6.02 0.3874957730524092
6.03 0.3868378543897671
6.04 0.38634215825512663
6.05 0.3859669311960628
6.06 0.3856743193192058
6.07 0.38543814912896834
6.08 0.38524204586201927
6.09 0.3850764865392921
6.1 0.38493651541109714
6.11 0.38482027849898387
6.12 0.3847282359307786
6.13 0.38466290380965545
6.14 0.3846290428488089
6.15 0.3846343210380626
6.16 0.38469064994208996
6.17 0.38481669508676114
6.18 0.38504268818999926
6.19 0.38542017566681425
6.2 0.38604336512927206
6.21 0.3871006161261455
6.22 0.38901235360752756
6.23 0.39281332995209184
6.24 0.4005670544038003
6.25 0.4099908335059024
6.26 0.4129436920110931
6.27 0.41219298328753096
6.28 0.4108183291097474
6.29 0.40952771089228285
6.3 0.4083788972107207
6.31 0.4073256869623122
6.32 0.40632820812140047
6.33 0.40536457620500455
6.34 0.4044250969159463
6.35 0.40350611523796903
6.36 0.4026061444612251
6.37 0.40172393958343694
6.38 0.40085771834662615
6.39 0.4000048331064376
6.4 0.3991614398160151
6.41 0.39832189320556677
6.42 0.39747759717967607
6.43 0.39661477796466443
6.44 0.3957098861615754
6.45 0.394719178195774
6.46 0.3935522139948109
6.47 0.3919955062389277
6.48 0.38949307603372846
6.49 0.3851079603770022
6.5 0.37963034445730964
6.51 0.3749840189932739
6.52 0.37174802533919105
6.53 0.36960756175367765
6.54 0.36817278117754343
6.55 0.36717448560357885
6.56 0.36645216194887437
6.57 0.36591589969633537
6.58 0.36551786354547744
6.59 0.3652350308162574
6.6 0.36505970177448854
6.61 0.364994816426715
6.62 0.3650522751201897
6.63 0.36525339865512974
6.64 0.36563140865417265
6.65 0.3662365735382044
6.66 0.36714580560725985
6.67 0.3684807642746238
6.68 0.37044383897183986
6.69 0.373395269192575
6.7 0.37803431023350614
6.71 0.38586478985269745
6.72 0.4003505166783618
6.73 0.426771744385474
6.74 0.4522593593859869
6.75 0.45542456921000474
6.76 0.4477268240822099
6.77 0.43804146621787504
6.78 0.4288821545006698
6.79 0.4208203375514754
6.8 0.4139034637268869
6.81 0.4080365190039229
6.82 0.4030905712163576
6.83 0.39893607721590696
6.84 0.3954535352781877
6.85 0.3925366597935327
6.86 0.39009287621483296
6.87 0.38804274477059036
6.88 0.38631887757870287
6.89 0.38486460352553103
6.9 0.38363254922814244
6.91 0.38258325147034383
6.92 0.3816838583219146
6.93 0.38090691576335123
6.94 0.380229158999474
6.95 0.37963005531780697
6.96 0.3790892711315667
6.97 0.3785800916872058
6.98 0.37805544453471057
6.99 0.37748518961865246
7.0 0.3769768645850531
7.01 0.3765972542438243
7.02 0.37631500196163836
7.03 0.37608986092054136
7.04 0.3758952247098492
7.05 0.37571623286460126
7.06 0.37554527879936783
7.07 0.37537881142497437
7.08 0.37521543768942106
7.09 0.3750548858243275
7.1 0.3748975103091375
7.11 0.3747441320090168
7.12 0.3745960752319128
7.13 0.3744553363953041
7.14 0.3743249048537219
7.15 0.37420935495638213
7.16 0.37411598697082604
7.17 0.37405715627569136
7.18 0.3740553899638968
7.19 0.37415564040428434
7.2 0.3744568129451374
7.21 0.3751825423636671
7.22 0.3765517810873155
7.23 0.3772838507119511
7.24 0.3764152495547233
7.25 0.3751749978084169
7.26 0.3741218235278835
7.27 0.37331554464127203
7.28 0.3727048687467942
7.29 0.3722316737117798
7.3 0.3718515843102759
7.31 0.3715343908045439
7.32 0.3712603540354198
7.33 0.3710165519930534
7.34 0.370794253685289
7.35 0.37058732029464864
7.36 0.3703913122147656
7.37 0.37020296426515625
7.38 0.37001981376031007
7.39 0.36983988397401424
7.4 0.36966137618697276
7.41 0.369482312549883
7.42 0.36930000203505975
7.43 0.36910999915340187
7.44 0.36890355007072756
7.45 0.3686598542483887
7.46 0.36831977165637453
7.47 0.3677571945266986
7.48 0.3669933432026654
7.49 0.366285631240798
7.5 0.36574569420407493
7.51 0.3653524997495688
7.52 0.36506397935401247
7.53 0.3648467036521056
7.54 0.3646784806763478
7.55 0.3645457435373856
7.56 0.36444081158616426
7.57 0.36435993102721453
7.58 0.36430208228262967
7.59 0.36426839523006027
7.6 0.3642620436067307
7.61 0.36428857149587557
7.62 0.36435672968285393
7.63 0.36448009797181796
7.64 0.3646801390718992
7.65 0.3649921449505014
7.66 0.3654775709143694
7.67 0.36625187508425533
7.68 0.36755408350898455
7.69 0.3699385191194229
7.7 0.37477083667394023
7.71 0.38384335078277104
7.72 0.39146120842940685
7.73 0.3926391383851039
7.74 0.39157002493473847
7.75 0.39026539560612084
7.76 0.3890912117822379
7.77 0.3880438895806899
7.78 0.38707584868185146
7.79 0.38615389740057277
7.8 0.3852610733578506
7.81 0.3843901629627335
7.82 0.3835384288176646
7.83 0.3827045587789171
7.84 0.3818872232268183
7.85 0.38108447994561123
7.86 0.3802934479879493
7.87 0.3795098949977054
7.88 0.378727493753501
7.89 0.37793642170640074
7.9 0.3771206003191406
7.91 0.3762518240562119
7.92 0.3752759583673225
7.93 0.37407630281121973
7.94 0.3723647842520187
7.95 0.3694129691099474
7.96 0.3645572842932276
7.97 0.35931945709003027
7.98 0.35525652444839406
7.99 0.3525195672215854
8.0 0.35072323837032787
8.01 0.34951893690405234
8.02 0.34868153611484554
8.03 0.3480801262946417
8.04 0.3476425143547638
8.05 0.3473311611122682
8.06 0.34712915380385956
8.07 0.34703272167284094
8.08 0.3470477615675319
8.09 0.3471889398228937
8.1 0.34748078182717884
8.11 0.3479608710786103
8.12 0.3486861027274495
8.13 0.3497443128334321
8.14 0.35127653128098163
8.15 0.3535222390784212
8.16 0.3569192323847651
8.17 0.3623458835227908
8.18 0.3717543719938303
8.19 0.3895237018204174
8.2 0.4185323559197401
8.21 0.4366789131793439
8.22 0.4346551798973369
8.23 0.4259358567942933
8.24 0.4164804138935844
8.25 0.4078371973417026
8.26 0.4003194829619071
8.27 0.3939058683659322
8.28 0.388485204657435
8.29 0.3839281562418468
8.3 0.3801096569817359
8.31 0.3769160967739771
8.32 0.3742472940908541
8.33 0.37201651855152673
8.34 0.3701496885231838
8.35 0.3685841730988083
8.36 0.3672674196735185
8.37 0.3661555538748731
8.38 0.3652120413755343
8.39 0.3644064441422356
8.4 0.3637132442418707
8.41 0.36311061598012356
8.42 0.3625787818552725
8.43 0.36209670283764295
8.44 0.3616329204593521
8.45 0.3611355833316692
8.46 0.36061405399028057
8.47 0.36019163087288847
8.48 0.3598905883391694
8.49 0.35967109263701574
8.5 0.35949751850238826
8.51 0.359348015019973
8.52 0.35921074926819035
8.53 0.3590798025585152
8.54 0.3589525024856192
8.55 0.3588278943453781
8.56 0.3587059356780087
8.57 0.3585871379098152
8.58 0.3584724778535684
8.59 0.3583634715572858
8.6 0.3582623782385579
8.61 0.3581725852461966
8.62 0.35809933104533626
8.63 0.3580511235801986
8.64 0.3580427005456791
8.65 0.3581017142301084
8.66 0.35828520426083194
8.67 0.35872204927796447
8.68 0.3596836826863478
8.69 0.3611091985741704
8.7 0.3612634250308811
8.71 0.36019683315828266
8.72 0.35904403607564933
8.73 0.35812212234619156
8.74 0.3574310822056635
8.75 0.35691316072895646
8.76 0.35651488370770446
8.77 0.35619735414673137
8.78 0.35593449467410526
8.79 0.3557092605312434
8.8 0.3555103923185536
8.81 0.35533021000277787
8.82 0.35516329593717144
8.83 0.3550057388024399
8.84 0.3548546582390261
8.85 0.3547078499937073
8.86 0.3545634778635591
8.87 0.3544197636108973
8.88 0.3542745988472455
8.89 0.3541249066971554
8.9 0.35396528932912696
8.91 0.3537844610649441
8.92 0.353553732623758
8.93 0.35319114424478465
8.94 0.352581374697693
8.95 0.35185031610751105
8.96 0.35123594444274414
8.97 0.35078700148319386
8.98 0.3504688341967535
8.99 0.35024162660829233
9.0 0.3500762471931981
9.01 0.34995395517770117
9.02 0.3498635470101144
9.03 0.3497988892349936
9.04 0.3497572586541752
9.05 0.3497383868168179
9.06 0.3497440514340663
9.07 0.34977811160263406
9.08 0.3498469785308249
9.09 0.3499606546413205
9.1 0.35013470850753714
9.11 0.3503940196649448
9.12 0.35078020631621937
9.13 0.351367437139028
9.14 0.35229929317468867
9.15 0.353884210178721
9.16 0.3568628316764935
9.17 0.3629699314719207
9.18 0.3726672176727885
9.19 0.377879300621203
9.2 0.3779130443547161
9.21 0.37671182999716923
9.22 0.3754858405717413
9.23 0.374402273432182
9.24 0.3734282957058167
9.25 0.37251985687249706
9.26 0.37165001952174975
9.27 0.3708057988595465
9.28 0.3699818544755707
9.29 0.36917609205118684
9.3 0.3683872834084079
9.31 0.3676139808858682
9.32 0.3668540388359039
9.33 0.3661042688043956
9.34 0.36535993809823586
9.35 0.3646138643571651
9.36 0.36385469580886487
9.37 0.3630634422595295
9.38 0.3622058611480847
9.39 0.3612138508210439
9.4 0.3599339142435444
9.41 0.35797283250967904
9.42 0.3544488032377073
9.43 0.34931146324166523
9.44 0.34445436580986677
9.45 0.34093449150904037
9.46 0.33861240214138405
9.47 0.33709150109518915
9.48 0.3360684974963897
9.49 0.3353563939095255
9.5 0.33484859448904447
9.51 0.33448725155239334
9.52 0.33424320017950304
9.53 0.33410462065609586
9.54 0.33407119200629015
9.55 0.334151619907359
9.56 0.3343634297582734
9.57 0.33473468566903736
9.58 0.33530800069713024
9.59 0.33614813307692387
9.6 0.3373561766872247
9.61 0.33909719752112194
9.62 0.3416578730949866
9.63 0.34557764785964495
9.64 0.3519768862289954
9.65 0.36341138784485666
9.66 0.38504574364786687
9.67 0.4137403768049713
9.68 0.42380694719552314
9.69 0.41844894501844687
9.7 0.40928586293428804
9.71 0.4001587837550945
9.72 0.3920055667498055
9.73 0.3849761703650504
9.74 0.3790059092901881
9.75 0.37397461308148655
9.76 0.3697543953006913
9.77 0.3662249156230253
9.78 0.3632781886790046
9.79 0.36081969335795705
9.8 0.35876803521839007
9.81 0.3570539690439249
9.82 0.35561912118940286
9.83 0.3544146037357221
9.84 0.35339964377282945
9.85 0.35254029354844246
9.86 0.35180823251416554
9.87 0.35117960987395985
9.88 0.3506337568000158
9.89 0.3501512338412924
9.9 0.34970930792227817
9.91 0.349269915359903
9.92 0.34878482066467065
9.93 0.3483144278429862
9.94 0.3479635766929358
9.95 0.3477213306068395
9.96 0.3475464349321479
9.97 0.3474083276639544
9.98 0.34728922443419935
9.99 0.3471797410716962
10.0 0.3470752966081543
10.01 0.34697391169173986
10.02 0.34687498469099887
10.03 0.34677867235883175
10.04 0.34668563838379746
10.05 0.3465970213508862
10.06 0.3465145443102373
10.07 0.34644076305629795
10.08 0.34637953363908364
10.09 0.34633690287629854
10.1 0.3463228879813847
10.11 0.34635528188558423
10.12 0.34646849914913574
10.13 0.3467359340851924
10.14 0.3473257658859942
10.15 0.34852758492445945
10.16 0.3497542683727361
10.17 0.34937015638334057
10.18 0.3482308872938532
10.19 0.34717837466495804
10.2 0.3463696056132604
10.21 0.3457717853353833
10.22 0.34532643231909727
10.23 0.3449852668388266
10.24 0.34471433222742026
10.25 0.34449108833645364
10.26 0.34430076341819155
10.27 0.34413351273075476
10.28 0.34398256840170055
10.29 0.3438431430743493
10.3 0.343711778104475
10.31 0.34358590955613133
10.32 0.3434635313645426
10.33 0.3433428946063183
10.34 0.34322218759461537
10.35 0.34309909802173816
10.36 0.3429700235151428
10.37 0.3428282653517485
10.38 0.3426589151071382
10.39 0.3424215660696259
10.4 0.3420095940443648
10.41 0.34135735739106177
10.42 0.34067637489472524
10.43 0.34014547061638184
10.44 0.33977006177006924
10.45 0.3395100688489531
10.46 0.3393291709803698
10.47 0.33920224121352377
10.48 0.33911352838220116
10.49 0.33905383628976776
10.5 0.33901835042885503
10.51 0.3390052504794139
10.52 0.33901496296666217
10.53 0.33904990989631156
10.54 0.3391146801128702
10.55 0.33921665718142885
10.56 0.3393672991701462
10.57 0.33958455105983815
10.58 0.33989747241633567
10.59 0.34035561223432886
10.6 0.3410495363593569
10.61 0.34216034176631765
10.62 0.34409227621706057
10.63 0.3478403313612039
10.64 0.355388837796442
10.65 0.36454322382130366
10.66 0.36747541870875006
10.67 0.3668461662016854
10.68 0.3656168652642978
10.69 0.3644686475769817
10.7 0.3634574261086371
10.71 0.36253894801761144
10.72 0.36167474578160264
10.73 0.3608433795769201
10.74 0.3600350152539681
10.75 0.3592456998982663
10.76 0.35847376740480047
10.77 0.35771799730500514
10.78 0.35697678806739147
10.79 0.3562477459616598
10.8 0.3555273033062733
10.81 0.3548101134355737
10.82 0.3540879465848248
10.83 0.35334755792142625
10.84 0.3525662729814457
10.85 0.35170196669988707
10.86 0.3506675559492366
10.87 0.34925750123165955
10.88 0.3469365454884717
10.89 0.34280262419862695
10.9 0.3376164058844253
10.91 0.33322983707899373
10.92 0.33020031965588537
10.93 0.32822494662208257
10.94 0.3269286226686994
10.95 0.32605236052141395
10.96 0.3254417130644378
10.97 0.32501010774697253
10.98 0.32471141693173755
10.99 0.3245233859984393
11.0 0.3244385339252996
11.01 0.3244596595551475
11.02 0.32459822117327897
11.03 0.3248747680656329
11.04 0.3253213189201503
11.05 0.3259863127785559
11.06 0.3269438523235102
11.07 0.32831114448863297
11.08 0.33028316773888466
11.09 0.333206972276192
11.1 0.337756220657553
11.11 0.34537971669965273
11.12 0.3594145467568408
11.13 0.3849478043353387
11.14 0.4095815209298386
11.15 0.4127098035716811
11.16 0.40537268984120056
11.17 0.3961208315769997
11.18 0.3873761575280031
11.19 0.37968946098125056
11.2 0.37310654988036407
11.21 0.36753574504277026
11.22 0.36285249291759764
11.23 0.3589315818864417
11.24 0.3556575476089886
11.25 0.35292781688244534
11.26 0.3506531829791388
11.27 0.348757190161313
11.28 0.34717502300289144
11.29 0.34585217760089976
11.3 0.34474307963026785
11.31 0.343809749244783
11.32 0.343020557067887
11.33 0.34234906224116046
11.34 0.3417728525136174
11.35 0.3412721417492815
11.36 0.34082732572625996
11.37 0.3404126258615544
11.38 0.3399826105603614
11.39 0.33950827085693813
11.4 0.33909348668101696
11.41 0.33880276550963295
11.42 0.33860588229111505
11.43 0.3384640292289138
11.44 0.33835154427805164
11.45 0.3382540637971274
11.46 0.338164182936584
11.47 0.33807838535253204
11.48 0.33799524289303917
11.49 0.3379144432672484
11.5 0.3378363210151596
11.51 0.3377616906868527
11.52 0.3376918618154288
11.53 0.3376287859650229
11.54 0.3375753600153266
11.55 0.33753599815137264
11.56 0.3375177369083136
11.57 0.33753248874915487
11.58 0.33760198893007126
11.59 0.3377696396778712
11.6 0.33813098274515496
11.61 0.3389021069092745
11.62 0.34029460240513965
11.63 0.34107086083626537
11.64 0.3402998468531525
11.65 0.3391694930662442
11.66 0.3382200725281794
11.67 0.3375097762171145
11.68 0.3369893584411742
11.69 0.33660276752193125
11.7 0.33630696479755756
11.71 0.33607238808192036
11.72 0.3358795258162668
11.73 0.3357155346501492
11.74 0.33557178232844265
11.75 0.33544229589841823
11.76 0.3353228387186039
11.77 0.33521033978777476
11.78 0.3351024949948797
11.79 0.3349974469924075
11.8 0.3348934878532453
11.81 0.3347887189227991
11.82 0.334680538891959
11.83 0.33456463792249375
11.84 0.3344325221923352
11.85 0.3342640069764364
11.86 0.33400172319573107
11.87 0.3335235157176596
11.88 0.33285030813808086
11.89 0.33223145503749935
11.9 0.33177495814278146
11.91 0.3314604294199651
11.92 0.3312471487998172
11.93 0.3311027607611508
11.94 0.331005770094452
11.95 0.3309430092224307
11.96 0.33090699671783874
11.97 0.3308940562025107
11.98 0.330903174043193
11.99 0.33093543639836875
12.0 0.33099392211539297
12.01 0.33108401148653765
12.02 0.33121419100162597
12.03 0.33139762305833903
12.04 0.3316551055391765
12.05 0.3320208360905236
12.06 0.33255436845705594
12.07 0.3333675988679492
12.08 0.33469219923603905
12.09 0.33706547063469083
12.1 0.34181118371459
12.11 0.35066679639549286
12.12 0.35811241727157905
12.13 0.3593156437079818
12.14 0.3583406736748434
12.15 0.3571375054601998
12.16 0.35606117161624684
12.17 0.3551084517962431
12.18 0.3542332931895706
12.19 0.35340335245705146
12.2 0.35260184068857126
12.21 0.35182137730427193
12.22 0.35105901527253713
12.23 0.3503133519816818
12.24 0.3495831124017371
12.25 0.34886650487989923
12.26 0.3481608403582362
12.27 0.3474620962005778
12.28 0.3467641856498932
12.29 0.34605760396130775
12.3 0.345326758881324
12.31 0.3445442828136871
12.32 0.34365764906166985
12.33 0.3425536345226501
12.34 0.34095276917831774
12.35 0.3381483860642857
12.36 0.333496724409564
12.37 0.32847401754317385
12.38 0.3245906478966004
12.39 0.32199318095543217
12.4 0.32030792534637653
12.41 0.319196860842101
12.42 0.3184417037893623
12.43 0.3179154941881557
12.44 0.31754816430564636
12.45 0.3173032279017501
12.46 0.31716420804086304
12.47 0.3171273995795525
12.48 0.3171985045784548
12.49 0.31739175513178775
12.5 0.31773096129428835
12.51 0.31825260833576874
12.52 0.31901192213294294
12.53 0.3200941547741389
12.54 0.3216361826579468
12.55 0.3238704328006534
12.56 0.32722180970464587
12.57 0.332542829937778
12.58 0.34172822112917967
12.59 0.35902810805928953
12.6 0.3872361842555085
12.61 0.404901593365072
12.62 0.40299040179351797
12.63 0.394580849298424
12.64 0.3854571430159934
12.65 0.37712226450403336
12.66 0.36988043213028643
12.67 0.36371088127602846
12.68 0.35850555608223644
12.69 0.3541386234959306
12.7 0.3504883796806626
12.71 0.3474443256483472
12.72 0.34490912477831975
12.73 0.34279860448303556
12.74 0.34104092598532937
12.75 0.339575375531628
12.76 0.33835100767466747
12.77 0.3373252800322911
12.78 0.3364627573795458
12.79 0.33573390978446177
12.8 0.3351139754370918
12.81 0.33458177143083107
12.82 0.33411809815159627
12.83 0.3337025222673669
12.84 0.3333044732519898
12.85 0.33287357922157973
12.86 0.33241901189809375
12.87 0.33206063874032193
12.88 0.33182013680217154
12.89 0.3316588290424271
12.9 0.33154212390620974
12.91 0.33144879426094664
12.92 0.33136731501933353
12.93 0.33129187759158385
12.94 0.3312198150228706
12.95 0.33115014135747256
12.96 0.33108278646307887
12.97 0.331018248461419
12.98 0.33095749491669724
12.99 0.3309020194940719
13.0 0.33085403068353647
13.01 0.3308168231079071
13.02 0.3307954814202426
13.03 0.3307982616946975
13.04 0.33083947235022604
13.05 0.33094597739963594
13.06 0.331173220060378
13.07 0.33164651584805893
13.08 0.3326298395170387
13.09 0.33406394747667
13.1 0.33426122535393366
13.11 0.33327088795113563
13.12 0.33219668556378146
13.13 0.3313473039348015
13.14 0.3307230411991969
13.15 0.33026794363387857
13.16 0.3299300273324295
13.17 0.3296712725247193
13.18 0.3294659912041794
13.19 0.32929726800601267
13.2 0.3291539055665359
13.21 0.3290283184940033
13.22 0.32891522930390543
13.23 0.3288108822995922
13.24 0.32871253749539625
13.25 0.32861810215949516
13.26 0.3285258245710797
13.27 0.32843399404246393
13.28 0.32834056699499353
13.29 0.328242548340833
13.3 0.32813467487920295
13.31 0.32800593722384463
13.32 0.3278283480860219
13.33 0.32752198816090944
13.34 0.326974603321311
13.35 0.3263090975713785
13.36 0.3257572399252194
13.37 0.3253664504952559
13.38 0.3251029754429096
13.39 0.32492804945094406
13.4 0.3248133059929817
13.41 0.32474047978197257
13.42 0.32469862915992465
13.43 0.3246817439241933
13.44 0.3246871412180019
13.45 0.3247145424785165
13.46 0.32476567555890323
13.47 0.32484430411020543
13.48 0.3249566806557929
13.49 0.3251125556469122
13.5 0.32532710093893524
13.51 0.3256245597610299
13.52 0.32604548703790215
13.53 0.3266621621777336
13.54 0.32761452053917267
13.55 0.3292031867759141
13.56 0.3321500802874951
13.57 0.3381461663808774
13.58 0.3476416170990572
13.59 0.3527652008496732
13.6 0.35284123126805755
13.61 0.35171350085557346
13.62 0.35056180670571424
13.63 0.3495493671684772
13.64 0.34864434818127343
13.65 0.3478038082764706
13.66 0.347001301889937
13.67 0.34622387317596687
13.68 0.34546602230902196
13.69 0.3447255121759183
13.7 0.34400107843347877
13.71 0.34329134005011
13.72 0.3425942781459672
13.73 0.34190685670139587
13.74 0.34122451353106664
13.75 0.34054027442113854
13.76 0.3398430807113791
13.77 0.33911441216398186
13.78 0.3383208661134991
13.79 0.33739601393720997
13.8 0.33619014041390743
13.81 0.3343197300907399
13.82 0.3309247450075378
13.83 0.3259560695918463
13.84 0.3212604940701369
13.85 0.31786880378514165
13.86 0.3156450378106521
13.87 0.31420251195121873
13.88 0.3132455448882717
13.89 0.3125918288697603
13.9 0.3121374086923632
13.91 0.3118258244116766
13.92 0.3116285709133868
13.93 0.3115340671161443
13.94 0.3115419678450878
13.95 0.31166075362672097
13.96 0.31190752252011256
13.97 0.3123096597164306
13.98 0.31290874483808157
13.99 0.31376796054220796
14.0 0.31498593648499396
14.01 0.31672371262453586
14.02 0.3192609750449032
14.03 0.3231240172575291
14.04 0.32940589978062224
14.05 0.3406001420872793
14.06 0.36174544140574033
14.07 0.3897785436824708
14.08 0.3996372430604359
14.09 0.3944473429630255
14.1 0.38554532902842015
14.11 0.3766788172332884
14.12 0.3687629751368445
14.13 0.3619442002419339
14.14 0.35615933391559035
14.15 0.3512909425923527
14.16 0.34721399118218094
14.17 0.3438108256189881
14.18 0.3409759321924389
14.19 0.3386170357122714
14.2 0.33665474239865617
14.21 0.33502154476994916
14.22 0.3336605441293987
14.23 0.33252408440963066
14.24 0.33157241269494075
14.25 0.33077242375439514
14.26 0.3300964950385638
14.27 0.3295213602206663
14.28 0.3290268540949873
14.29 0.3285940067744751
14.3 0.3282006253783355
14.31 0.32780953920217
14.32 0.3273736772978931
14.33 0.32695208047711233
14.34 0.3266471536128649
14.35 0.326448241296883
14.36 0.32631508559102623
14.37 0.3262178626192089
14.38 0.3261392044765435
14.39 0.3260699182387486
14.4 0.3260054799226534
14.41 0.32594390182080657
14.42 0.3258845563430034
14.43 0.32582758096598013
14.44 0.32577362893431766
14.45 0.32572382643227316
14.46 0.3256798689146256
14.47 0.32564425804154457
14.48 0.32562075728095113
14.49 0.32561526297806254
14.5 0.3256375446115792
14.51 0.32570496415400857
14.52 0.32585112060396787
14.53 0.32614769816526534
14.54 0.32675899770237204
14.55 0.32796795917578175
14.56 0.32920089547300563
14.57 0.32885964883516455
14.58 0.3277804151743911
14.59 0.3267860306308475
14.6 0.3260301365312211
14.61 0.32548093268093287
14.62 0.3250814141015728
14.63 0.32478436850115355
14.64 0.324556415575243
14.65 0.32437524995036804
14.66 0.32422617835087103
14.67 0.3240994121666011
14.68 0.323988272768651
14.69 0.3238880908641054
14.7 0.32379552882728335
14.71 0.32370812693466916
14.72 0.3236239606036596
14.73 0.32354134385130257
14.74 0.3234585186062955
14.75 0.3233732293213423
14.76 0.32328195256982084
14.77 0.32317812982147875
14.78 0.32304716070587297
14.79 0.3228494757911803
14.8 0.3224807165693752
14.81 0.32187682577698634
14.82 0.3212448568549618
14.83 0.32075967796797583
14.84 0.3204265629929938
14.85 0.32020631538040023
14.86 0.32006342069488747
14.87 0.31997330274060193
14.88 0.319920539497882
14.89 0.3198961084739456
14.9 0.319895270967304
14.91 0.3199162242289594
14.92 0.31995937456004925
14.93 0.3200270897947833
14.94 0.32012386248011876
14.95 0.32025692018749186
14.96 0.32043747563237984
14.97 0.32068308685072616
14.98 0.32102218625416035
14.99 0.32150325602869156
15.0 0.32221491877272923
15.01 0.3233343982027999
15.02 0.3252573170379485
15.03 0.3289574695240797
15.04 0.3363769560631584
15.05 0.3453680583752089
15.06 0.34826947381180845
15.07 0.3476852645061531
15.08 0.34651384429766824
15.09 0.34542202168124586
15.1 0.3444647150192329
15.11 0.34359871581117124
15.12 0.3427863223385728
15.13 0.3420063588094077
15.14 0.3412489468107822
15.15 0.34050999642440677
15.16 0.33978774926474287
15.17 0.339080982133241
15.18 0.33838816308888753
15.19 0.3377070064962798
15.2 0.33703407110951733
15.21 0.33636415703088857
15.22 0.33568922491107306
15.23 0.3349963127549712
15.24 0.33426321794481295
15.25 0.3334486888095626
15.26 0.33246745194524724
15.27 0.33111824955312025
15.28 0.3288769863136647
15.29 0.32486041059879667
15.3 0.319813353898249
15.31 0.3155490867699942
15.32 0.3126133187840899
15.33 0.31070951630399063
15.34 0.3094705129754404
15.35 0.3086428145736876
15.36 0.30807523878714127
15.37 0.3076830101426844
15.38 0.3074209205979454
15.39 0.3072671287702011
15.4 0.3072142696248946
15.41 0.30726506210375454
15.42 0.307430720546435
15.43 0.30773137132339234
15.44 0.30819837646289205
15.45 0.30887917894609696
15.46 0.309846353803154
15.47 0.3112146886874685
15.48 0.31317513651403495
15.49 0.31606758419243774
15.5 0.3205517950968558
15.51 0.3280466887810986
15.52 0.3418205133329323
15.53 0.36685532815424565
15.54 0.3910086610697868
15.55 0.3940999477706007
15.56 0.3869418657861592
15.57 0.3779088192801335
15.58 0.36937290609113527
15.59 0.36187368104656054
15.6 0.35545604631085626
15.61 0.3500301265559597
15.62 0.3454737464588002
15.63 0.3416640509327399
15.64 0.3384877692348517
15.65 0.3358443362122088
15.66 0.333646356827046
15.67 0.33181897435557783
15.68 0.33029875048648577
15.69 0.3290323434578764
15.7 0.3279751468855953
15.71 0.32708998208004114
15.72 0.32634588228975003
15.73 0.3257169573684054
15.74 0.3251812595422323
15.75 0.32471941039428975
15.76 0.32431220565069835
15.77 0.323934383818322
15.78 0.32354142291034055
15.79 0.3231049334512025
15.8 0.32272675685364555
15.81 0.32247013101095406
15.82 0.3223054559193176
15.83 0.3221947218122772
15.84 0.32211279198381043
15.85 0.32204558177907006
15.86 0.3219858037402264
15.87 0.32192996745605656
15.88 0.32187663077981965
15.89 0.3218254606715032
15.9 0.3217767777028517
15.91 0.3217313866943588
15.92 0.32169058173194287
15.93 0.32165628298140525
15.94 0.32163133087042134
15.95 0.32162004666854627
15.96 0.3216293168605913
15.97 0.3216708037088564
15.98 0.32176579635846486
15.99 0.32195682478250803
16.0 0.3223375393874536
16.01 0.32311978662514734
16.02 0.3245110072593936
16.03 0.3252977546527571
16.04 0.32456725309397955
16.05 0.3234843915982658
16.06 0.32257907821274817
16.07 0.32190858552916524
16.08 0.3214248165045999
16.09 0.3210728858573963
16.1 0.32081051407086825
16.11 0.320608515821035
16.12 0.3204475216746064
16.13 0.3203147414601406
16.14 0.3202015973215285
16.15 0.320102198997542
16.16 0.32001240894800626
16.17 0.31992925127095984
16.18 0.31985050092120726
16.19 0.31977436209292404
16.2 0.31969917596940306
16.21 0.3196230889478541
16.22 0.31954355229244097
16.23 0.3194563359673741
16.24 0.31935309825221037
16.25 0.31921401292703466
16.26 0.31898273718973674
16.27 0.31853938127035697
16.28 0.31790465302486853
16.29 0.3173232939264168
16.3 0.31690124408027287
16.31 0.316618488998913
16.32 0.3164350808127733
16.33 0.3163192785489701
16.34 0.3162499862192949
16.35 0.3162142659048426
16.36 0.3162047516471414
16.37 0.3162178123168769
16.38 0.3162524372551371
16.39 0.31630968552609845
16.4 0.3163925783684973
16.41 0.3165063984556225
16.42 0.3166594769407833
16.43 0.31686473295793754
16.44 0.31714257862872547
16.45 0.3175265779635847
16.46 0.31807518478080354
16.47 0.318898236116802
16.48 0.3202231536912672
16.49 0.3225774027140136
16.5 0.32726055106302654
16.51 0.33597833174761804
16.52 0.3433118562345362
16.53 0.344517087187846
16.54 0.3435839454821015
16.55 0.34242688316914893
16.56 0.3413946111814356
16.57 0.34048411855422045
16.58 0.3396502421417617
16.59 0.3388611435059024
16.6 0.3381001544348568
16.61 0.33735981801607867
16.62 0.3366370775185411
16.63 0.33593047573352686
16.64 0.3352387551212032
16.65 0.33456019205837134
16.66 0.3338921910979406
16.67 0.333230838712416
16.68 0.3325701807007786
16.69 0.3319008942053993
16.7 0.33120766963432696
16.71 0.33046362812190305
16.72 0.3296171803427838
16.73 0.32855712874454035
16.74 0.32700901239673497
16.75 0.3242788379416985
16.76 0.31973439953587035
16.77 0.31482548553012424
16.78 0.31103531175378535
16.79 0.3085077873878076
16.8 0.306875988998099
16.81 0.30580804871922246
16.82 0.30508966423780853
16.83 0.3045961743460925
16.84 0.30425874871655795
16.85 0.30404151435013627
16.86 0.30392824778837385
16.87 0.3039152806471993
16.88 0.30400819868914675
16.89 0.304220977073584
16.9 0.3045770043650132
16.91 0.30511212050374975
16.92 0.30588057207284525
16.93 0.3069660965117862
16.94 0.3085031365019377
16.95 0.31071998649906185
16.96 0.3140339989804556
16.97 0.3192825441153185
16.98 0.3283266917165794
16.99 0.3453410448170294
17.0 0.3730694772728211
17.01 0.3904420270349891
17.02 0.38858567298925917
17.03 0.3803466050387763
17.04 0.37140638015040967
17.05 0.3632413914280059
17.06 0.35615053834722454
17.07 0.3501134217437991
17.08 0.34502379505710773
17.09 0.3407578791778899
17.1 0.3371959431909544
17.11 0.3342293098266005
17.12 0.33176230122066397
17.13 0.32971222974934505
17.14 0.3280085556266014
17.15 0.3265916755267051
17.16 0.325411576756418
17.17 0.324426492309254
17.18 0.32360162876082565
17.19 0.3229079878762657
17.2 0.32232125149191165
17.21 0.321820614492497
17.22 0.32138721757589456
17.23 0.32100098537401983
17.24 0.3206318748772657
17.25 0.32023039357937827
17.26 0.3198055943585707
17.27 0.319475297250724
17.28 0.3192608202055087
17.29 0.3191241733716435
17.3 0.3190313806869428
17.31 0.3189615877975743
17.32 0.3189034558301659
17.33 0.3188512461286764
17.34 0.31880229975435975
17.35 0.3187556154068103
17.36 0.31871110667781427
17.37 0.3186692608476404
17.38 0.31863103525488695
17.39 0.3185979053210521
17.4 0.31857204520027604
17.41 0.31855669114968804
17.42 0.3185568337267518
17.43 0.31858057657563427
17.44 0.31864196932203614
17.45 0.3187674014615615
17.46 0.31901135594816404
17.47 0.3194970059271963
17.48 0.3204838411068809
17.49 0.3219136018040217
17.5 0.3221272328492879
17.51 0.32117322186911307
17.52 0.3201367907598615
17.53 0.3193215744410983
17.54 0.31872805355770784
17.55 0.3183013570344639
17.56 0.3179904000886303
17.57 0.3177576973988488
17.58 0.3175778051196982
17.59 0.3174338951884695
17.6 0.3173148117887574
17.61 0.3172130231687251
17.62 0.3171233271419116
17.63 0.3170420508904764
17.64 0.3169665297981902
17.65 0.3168947322851453
17.66 0.3168249545661399
17.67 0.3167555259749596
17.68 0.31668444278028324
17.69 0.3166087609545475
17.7 0.316523301216597
17.71 0.31641722553577073
17.72 0.31626298042956996
17.73 0.31598190141780064
17.74 0.31546359464914436
17.75 0.3148291113039562
17.76 0.31430644605959335
17.77 0.3139422225972577
17.78 0.31370323738954986
17.79 0.313551365996309
17.8 0.3134587085460697
17.81 0.31340729028355735
17.82 0.3133863302667394
17.83 0.3133898945204392
17.84 0.3134153252576602
17.85 0.31346233711256155
17.86 0.31353262578488655
17.87 0.31362989426501875
17.88 0.3137602955761484
17.89 0.3139334236672382
17.9 0.31416420531888056
17.91 0.31447649173998665
17.92 0.31491018361603107
17.93 0.3155363986089593
17.94 0.31649283106908815
17.95 0.31807530515183263
17.96 0.320994233918448
17.97 0.3269136587415564
17.98 0.336276626853315
17.99 0.3413373115118833
18.0 0.341430806179433
18.01 0.3403397398087356
18.02 0.3392252343865101
18.03 0.33824805918112716
18.04 0.337376995285475
18.05 0.3365697897827881
18.06 0.33580031173707575
18.07 0.33505563850964565
18.08 0.33433018545647814
18.09 0.3336216328541336
18.1 0.33292868931082736
18.11 0.33225000297661295
18.12 0.3315836194065504
18.13 0.33092658516225226
18.14 0.3302744357661734
18.15 0.3296203216810614
18.16 0.3289533640803335
18.17 0.32825533339769386
18.18 0.3274933469862319
18.19 0.3266020113380762
18.2 0.32543394957306204
18.21 0.3236116444469681
18.22 0.3202885139826228
18.23 0.3154162361464108
18.24 0.3108127169978993
18.25 0.30749253674343013
18.26 0.3053218658687892
18.27 0.30392013779901567
18.28 0.30299637131187596
18.29 0.3023711564837244
18.3 0.30194217031415116
18.31 0.30165381096321886
18.32 0.3014779814341573
18.33 0.30140324787334577
18.34 0.30142924889666733
18.35 0.3015643235898457
18.36 0.3018253028196074
18.37 0.3022391485014855
18.38 0.3028467971558062
18.39 0.3037104519893166
18.4 0.30492721156633357
18.41 0.30665561491998
18.42 0.30917100555375937
18.43 0.31299150881426274
18.44 0.3191932262606444
18.45 0.330230990526441
18.46 0.3510652706978362
18.47 0.37868006484056355
18.48 0.38840201574128447
18.49 0.383308893255076
18.5 0.37456148482915735
18.51 0.365849351760016
18.52 0.3580735566420197
18.53 0.3513782768991582
18.54 0.34570129771285435
18.55 0.3409268851182251
18.56 0.3369317775744561
18.57 0.33359999154341324
18.58 0.3308275464822067
18.59 0.3285235549916688
18.6 0.3266098555667711
18.61 0.32502000966720884
18.62 0.32369802654920016
18.63 0.32259701004581914
18.64 0.3216778381104276
18.65 0.32090792792704725
18.66 0.32026009064520766
18.67 0.31971142367233363
18.68 0.3192420756482797
18.69 0.3188333698409881
18.7 0.3184634517743825
18.71 0.3180957120968548
18.72 0.31768381047624894
18.73 0.31728592637773023
18.74 0.3170029298761423
18.75 0.316824340538215
18.76 0.3167105268523741
18.77 0.31663212970760046
18.78 0.31657204463514893
18.79 0.31652120163867703
18.8 0.3164751160997047
18.81 0.3164317984201895
18.82 0.31639060645740813
18.83 0.3163516649231806
18.84 0.31631561780896456
18.85 0.31628357992014966
18.86 0.3162572259513624
18.87 0.3162390207972228
18.88 0.3162326676433608
18.89 0.3162439664817678
18.9 0.31628252913269583
18.91 0.31636544390182514
18.92 0.31652579235200384
18.93 0.31683417424589616
18.94 0.3174524316446396
18.95 0.31865928634736
18.96 0.3198895503849891
18.97 0.3195688282703917
18.98 0.31852101795583576
18.99 0.31755687185392595
19.0 0.316827908836369
19.01 0.31630295772688527
19.02 0.31592595025594983
19.03 0.31565035422394966
19.04 0.3154431610070224
19.05 0.3152822219233665
19.06 0.3151528996440008
19.07 0.31504544252742445
19.08 0.31495322446498203
19.09 0.3148716436678647
19.1 0.3147974316098617
19.11 0.3147281887763818
19.12 0.3146620387637927
19.13 0.31459733407437585
19.14 0.3145323506490916
19.15 0.31446486986083244
19.16 0.3143914199492196
19.17 0.31430553380498755
19.18 0.3141928111389911
19.19 0.3140142247474272
19.2 0.3136668755237378
19.21 0.3130877047443919
19.22 0.3124808901277504
19.23 0.31201877351352825
19.24 0.311706541191606
19.25 0.31150556353069997
19.26 0.311380843310907
19.27 0.31130815775319126
19.28 0.3112722964988061
19.29 0.31126434929934793
19.3 0.311279626807463
19.31 0.3113163376824402
19.32 0.3113748745300634
19.33 0.31145756897959753
19.34 0.31156884996350365
19.35 0.3117158430326998
19.36 0.31190960148958763
19.37 0.31216743285137866
19.38 0.31251736418768805
19.39 0.3130071887394597
19.4 0.31372427467373937
19.41 0.31484334599401415
19.42 0.31675445979257866
19.43 0.32041773239850774
19.44 0.32774800903620394
19.45 0.3366277651761911
19.46 0.3395032925855368
19.47 0.33894212641921123
19.48 0.3378020501937374
19.49 0.3367406264610135
19.5 0.33581213013166683
19.51 0.3349740290914243
19.52 0.33418912252352223
19.53 0.33343641545182756
19.54 0.3327060124923309
19.55 0.3319937436197481
19.56 0.33129779227106954
19.57 0.33061692781710295
19.58 0.32994965367236523
19.59 0.32929374436197556
19.6 0.32864583302063344
19.61 0.32800081029164496
19.62 0.3273507581529278
19.63 0.3266828974939928
19.64 0.325975331989231
19.65 0.3251873769069878
19.66 0.32423493276429444
19.67 0.3229195179463292
19.68 0.3207242733191541
19.69 0.31677814831773554
19.7 0.3118157282871069
19.71 0.3076252172628138
19.72 0.304744731393113
19.73 0.3028818576612566
19.74 0.3016745649325706
19.75 0.3008729184364619
19.76 0.3003278521177
19.77 0.2999557557349635
19.78 0.29971201777715717
19.79 0.2995750649675043
19.8 0.29953760711964633
19.81 0.29960231025146156
19.82 0.2997802287242926
19.83 0.3000912124137745
19.84 0.3005661949254539
19.85 0.3012519702245544
19.86 0.30222011863453313
19.87 0.3035838530379828
19.88 0.30553150637797466
19.89 0.3083983036955241
19.9 0.3128349628872706
19.91 0.3202409544693038
19.92 0.3338397206728555
19.93 0.3585449183654832
19.94 0.3823802228375574
19.95 0.3854419287948414
19.96 0.3783948912528844
19.97 0.36949884028890007
19.98 0.3610934378132759
19.99 0.35371091689374645
20.0 0.3473955850017523
20.01 0.3420587386771294
20.02 0.33757975128113854
20.03 0.3338373037491436
20.04 0.33071955390478197
20.05 0.32812724069718946
20.06 0.32597414173115224
20.07 0.3241864328908086
20.08 0.3227015647455874
20.09 0.32146694650561103
20.1 0.32043859855697715
20.11 0.3195798621704063
20.12 0.3188602015264763
20.13 0.3182540852063955
20.14 0.3177398683608365
20.15 0.31729843878134273
20.16 0.3169108537877076
20.17 0.31655219114230343
20.18 0.31617852664496815
20.19 0.315761876085451
20.2 0.3154027379983727
20.21 0.3151635134602005
20.22 0.31501501238322566
20.23 0.3149197495665972
20.24 0.3148529343162008
20.25 0.31480066684825353
20.26 0.314755739220927
20.27 0.31471468089530336
20.28 0.3146760428561362
20.29 0.3146394792259147
20.3 0.3146053003331598
20.31 0.31457430223856464
20.32 0.3145477661392848
20.33 0.3145275891510191
20.34 0.31451657274280265
20.35 0.31451897570193665
20.36 0.31454158462812637
20.37 0.3145958958360343
20.38 0.3147029029680556
20.39 0.3149045585635653
20.4 0.31529326140087593
20.41 0.31607805077736856
20.42 0.3174636179386176
20.43 0.3182524852597277
20.44 0.317543962042547
20.45 0.3164877093716008
20.46 0.3156067802124842
20.47 0.3149578379052658
20.48 0.31449354475069474
20.49 0.31415978845226133
20.5 0.3139147953075478
20.51 0.3137296349982862
20.52 0.3135850382856271
20.53 0.3134682540780835
20.54 0.31337074017779154
20.55 0.3132866568217104
20.56 0.3132119260671746
20.57 0.3131436294084462
20.58 0.31307959023166987
20.59 0.31301805137739225
20.6 0.31295738587911787
20.61 0.31289577024375326
20.62 0.3128306914215032
20.63 0.3127579735929243
20.64 0.3126693779656554
20.65 0.3125453201745722
20.66 0.31233014788122654
20.67 0.31190548580307764
20.68 0.3112918800649725
20.69 0.31073099034599544
20.7 0.3103273865991506
20.71 0.31006130572955276
20.72 0.3098933159065677
20.73 0.3097920867300732
20.74 0.3097367891713993
20.75 0.30971463929669474
20.76 0.30971834899415274
20.77 0.30974431785806544
20.78 0.30979153713898816
20.79 0.30986104704550327
20.8 0.30995582908447444
20.81 0.31008109925630767
20.82 0.31024508343381096
20.83 0.3104605366494011
20.84 0.3107476114277791
20.85 0.31113944586389186
20.86 0.31169375483705264
20.87 0.31251899241606984
20.88 0.3138397263837795
20.89 0.31617681797910363
20.9 0.3208135848339627
20.91 0.3294344499341793
20.92 0.33668830425355606
20.93 0.33789045132477435
20.94 0.33698097110756997
20.95 0.33585045134435
20.96 0.334843355652446
20.97 0.3339568134549441
20.98 0.3331462621305408
20.99 0.3323802088385038
21.0 0.3316420755539188
21.01 0.33092436310451
21.02 0.3302239462520519
21.03 0.32953933030461463
21.04 0.3288692636346533
21.05 0.3282120604427808
21.06 0.3275651810685852
21.07 0.32692478038285677
21.08 0.326284990672709
21.09 0.32563661055565885
21.1 0.3249645208988712
21.11 0.3242421726995911
21.12 0.3234186090176511
21.13 0.32238399800199746
21.14 0.3208672549956264
21.15 0.318182928827717
21.16 0.3137066088383611
21.17 0.30887027571061254
21.18 0.30513883326512126
21.19 0.30265438963874536
21.2 0.30105457623408494
21.21 0.30001166917461713
21.22 0.29931404882902335
21.23 0.2988386033851648
21.24 0.29851733683285436
21.25 0.29831478987226323
21.26 0.29821491003027784
21.27 0.2982140533031387
21.28 0.29831772603857526
21.29 0.2985397286905998
21.3 0.29890316388467414
21.31 0.2994434344653995
21.32 0.3002141243462327
21.33 0.3012979465228728
21.34 0.3028276979686208
21.35 0.3050288789086927
21.36 0.30831373570074533
21.37 0.3135093976521577
21.38 0.3224541767279531
21.39 0.33927160417588753
21.4 0.3666718102727763
21.41 0.38384228589574626
21.42 0.38201890648405035
21.43 0.37389104291658615
21.44 0.3650708537700295
21.45 0.3570167487887848
21.46 0.3500240258214871
21.47 0.34407252984629116
21.48 0.3390572374021132
21.49 0.3348557601638089
21.5 0.3313497036434626
21.51 0.3284316226648539
21.52 0.32600695780658906
21.53 0.32399401966602337
21.54 0.3223231402147081
21.55 0.3209354614091065
21.56 0.319781597482766
21.57 0.3188203036477566
21.58 0.3180172196307143
21.59 0.3173437066644512
21.6 0.31677574691720817
21.61 0.3162927912749648
21.62 0.31587621126951354
21.63 0.31550617476035614
21.64 0.3151529980857186
21.65 0.31476778787611415
21.66 0.31435951410200774
21.67 0.3140445988825827
21.68 0.3138441139170633
21.69 0.31372053735100847
21.7 0.3136403128988437
21.71 0.3135828411388446
21.72 0.3135369117046588
21.73 0.313496835900136
21.74 0.313459962725586
21.75 0.3134252821367434
21.76 0.3133926968295841
21.77 0.3133626853685099
21.78 0.3133361959365294
21.79 0.3133146892576193
21.8 0.3133003142105107
21.81 0.31329626587322124
21.82 0.313307469586097
21.83 0.3133419240633048
21.84 0.31341350121232925
21.85 0.31354826496977556
21.86 0.31380003979044274
21.87 0.31429053012192987
21.88 0.31527615086539773
21.89 0.31669931035413157
21.9 0.3169205162287554
21.91 0.315987768701267
21.92 0.31497359946845127
21.93 0.3141781812417011
21.94 0.3136021184337861
21.95 0.31319128210746233
21.96 0.3128952058145997
21.97 0.3126767748872323
21.98 0.3125107188309977
21.99 0.3123802750312015
22.0 0.31227431882224627
22.01 0.31218535381738105
22.02 0.3121082249999024
22.03 0.31203931101543503
22.04 0.3119759944095069
22.05 0.31191628259484805
22.06 0.31185850322714453
22.07 0.3118010127586882
22.08 0.3117418351529302
22.09 0.31167806220863137
22.1 0.3116045734350761
22.11 0.3115106504125729
22.12 0.31136904172469454
22.13 0.3111019541183113
22.14 0.31060027504439913
22.15 0.3099837632927127
22.16 0.3094778100280524
22.17 0.3091284924045404
22.18 0.30890298785909015
22.19 0.30876361482799597
22.2 0.3086827960135745
22.21 0.3086427578148486
22.22 0.30863283100860145
22.23 0.30864713499731755
22.24 0.30868302969243405
22.25 0.3087402247978872
22.26 0.3088203929715816
22.27 0.3089271941053174
22.28 0.3090667111743015
22.29 0.3092484286827423
22.3 0.3094871026847611
22.31 0.3098063118227317
22.32 0.3102455023162275
22.33 0.3108749852008599
22.34 0.31183089927548424
22.35 0.3134057371068429
22.36 0.3163019269570447
22.37 0.32216482566021837
22.38 0.3314325218916014
22.39 0.33644618815713767
22.4 0.33654842023990605
22.41 0.33547941750493593
22.42 0.3343873410075249
22.43 0.3334312587362089
22.44 0.3325803798386851
22.45 0.3317929337566348
22.46 0.33104301573513645
22.47 0.3303177358699665
22.48 0.3296114589356413
22.49 0.32892181134110976
22.5 0.32824748049096825
22.51 0.32758712831881154
22.52 0.3269388376587443
22.53 0.32629970628105576
22.54 0.3256653336281571
22.55 0.3250289548607053
22.56 0.32437981565194873
22.57 0.32369988889667284
22.58 0.32295665442126925
22.59 0.32208543983559557
22.6 0.32094049648287243
22.61 0.3191484828937262
22.62 0.3158721854451345
22.63 0.31106384368993917
22.64 0.3065212651042158
22.65 0.3032477428823374
22.66 0.30111092371276155
22.67 0.29973449603208024
22.68 0.2988307494220112
22.69 0.29822229126299826
22.7 0.2978079352489406
22.71 0.297532677527624
22.72 0.2973687057664478
22.73 0.2973046887625592
22.74 0.2973402533777103
22.75 0.2974836391649452
22.76 0.29775148953382236
22.77 0.2981704700903544
22.78 0.2987810678299822
22.79 0.29964480189999665
22.8 0.30085770195177153
22.81 0.3025765613056718
22.82 0.30507369239279636
22.83 0.3088615193248167
22.84 0.31500430637024796
22.85 0.3259298811973525
22.86 0.34654409496227895
22.87 0.3738638620472942
22.88 0.3834872206236694
22.89 0.3784585053470328
22.9 0.36981589796510694
22.91 0.3612084338649766
22.92 0.35352732300564377
22.93 0.3469151883213002
22.94 0.34131047283182764
22.95 0.33659863203508295
22.96 0.3326576480124093
22.97 0.3293727083863212
22.98 0.32664090440304727
22.99 0.32437231466709743
23.0 0.3224896323257344
23.01 0.3209271590041279
23.02 0.31962953291523355
23.03 0.3185503852156827
23.04 0.31765103262903654
23.05 0.3168992564548621
23.06 0.3162681706424535
23.07 0.31573512686688776
23.08 0.315280493361365
23.09 0.314885798705875
23.1 0.31452942581124615
23.11 0.31417515976050403
23.12 0.31377717299402424
23.13 0.313393037735054
23.14 0.3131225433492058
23.15 0.3129553309354467
23.16 0.3128522084420084
23.17 0.31278414329136967
23.18 0.31273421708165594
23.19 0.312693448414605
23.2 0.31265738355103956
23.21 0.31262403482779455
23.22 0.3125927519611696
23.23 0.31256365092131533
23.24 0.3125373678586613
23.25 0.3125150075643335
23.26 0.3124982282670349
23.27 0.3124894676922317
23.28 0.31249238589990375
23.29 0.3125127148035234
23.3 0.3125599552119369
23.31 0.31265100273720803
23.32 0.31281857428350435
23.33 0.3131325047236263
23.34 0.31375290085584034
23.35 0.31495550581575377
23.36 0.31618112474901994
23.37 0.3158721337593189
23.38 0.3148437555823397
23.39 0.3138982082945107
23.4 0.3131855025856629
23.41 0.3126749018944315
23.42 0.31231099417924124
23.43 0.31204772937141717
23.44 0.31185237036123775
23.45 0.31170289217666386
23.46 0.3115847090523013
23.47 0.31148810241940844
23.48 0.3114064841803995
23.49 0.3113352970270149
23.5 0.3112713167196991
23.51 0.31121218239111126
23.52 0.31115604916245115
23.53 0.31110129551467275
23.54 0.3110462211426015
23.55 0.31098863381648884
23.56 0.3109250989868103
23.57 0.3108492152762674
23.58 0.3107467258312678
23.59 0.31057899130013894
23.6 0.31024415289382035
23.61 0.30967985405124526
23.62 0.30908822249132567
23.63 0.3086398079532173
23.64 0.30833973530334374
23.65 0.3081497770697699
23.66 0.3080353028430698
23.67 0.30797234093571557
23.68 0.3079458322707381
23.69 0.30794694793554933
23.7 0.3079710353383933
23.71 0.3080163124008823
23.72 0.30808316230610455
23.73 0.30817389054176986
23.74 0.30829288005509686
23.75 0.3084471830615106
23.76 0.3086477388059743
23.77 0.30891167600662683
23.78 0.3092667326980256
23.79 0.3097602109223513
23.8 0.31047858432777276
23.81 0.3115947940210226
23.82 0.3134949267525681
23.83 0.3171293401609222
23.84 0.324393430235442
23.85 0.3331911994939034
23.86 0.33604570310448295
23.87 0.33549842858560963
23.88 0.33437816491111927
23.89 0.3333358649726628
23.9 0.33242533394828994
23.91 0.3316045184387916
23.92 0.3308365805734722
23.93 0.3301006686315455
23.94 0.3293868932923324
23.95 0.32869104271394894
23.96 0.32801126637928524
23.97 0.3273463276519702
23.98 0.32669474940298426
23.99 0.3260543421800393
